timestamp,x_acc,y_acc,z_acc,x_gyro,y_gyro,z_gyro,fall,activity,subject_id,age,height,weight,gender
6558080188000.0,1.043872,9.710882,1.0055647,-0.005497787,0.06352998,0.006414085,0,3,8,22,183,93,Male
6558278663000.0,0.8714894,9.844957,1.2162545,-0.02321288,-0.004581489,0.011301007,0,3,8,22,183,93,Male
6558479201000.0,1.0055647,9.615114,1.7429788,-0.013744468,-0.084910266,-0.006414085,0,3,8,22,183,93,Male
6558678748000.0,0.11492168,10.0748005,2.231396,0.038789943,0.19608775,-0.12583824,0,3,8,22,183,93,Male
6558878967000.0,-0.038307227,10.170568,1.5801731,0.26908615,-0.54244834,-0.13744467,0,3,8,22,183,93,Male
6559079373000.0,-0.51714754,10.04607,1.541866,-0.32589662,-0.48716503,-0.6386596,0,3,8,22,183,93,Male
6559089525000.0,-0.7278373,10.170568,1.532289,-0.33353242,-0.46822822,-0.6453791,0,3,8,22,183,93,Male
6559103253000.0,-0.8523358,10.247183,1.541866,-0.30573806,-0.45906523,-0.64660084,0,3,8,22,183,93,Male
6559113450000.0,-0.8523358,10.390836,1.6376339,-0.29352075,-0.48258355,-0.6395759,0,3,8,22,183,93,Male
6559126383000.0,-0.842759,10.496181,1.8291701,-0.26725355,-0.6365216,-0.6203337,0,3,8,22,183,93,Male
6559137931000.0,-0.8619126,10.457873,2.0494366,-0.2593123,-0.7266242,-0.6273586,0,3,8,22,183,93,Male
6559149376000.0,-0.89064306,10.429143,2.1739352,-0.25961772,-0.9306532,-0.6249151,0,3,8,22,183,93,Male
6559162326000.0,-0.91937345,10.371682,2.1930888,-0.2761111,-0.98654735,-0.6026186,0,3,8,22,183,93,Male
6559175990000.0,-0.9864111,10.295067,2.3654714,-0.30818152,-1.0543534,-0.5342017,0,3,8,22,183,93,Male
6559187805000.0,-1.0247183,10.295067,2.3750482,-0.32742378,-1.0797043,-0.48380527,0,3,8,22,183,93,Male
6559199945000.0,-1.1779473,10.084377,2.336741,-0.36010507,-1.0833695,-0.36193767,0,3,8,22,183,93,Male
6559211077000.0,-1.2258313,9.844957,2.327164,-0.35124752,-1.0742066,-0.29871312,0,3,8,22,183,93,Male
6559224102000.0,-1.1683705,9.787497,2.27928,-0.32620203,-1.0595458,-0.21655174,0,3,8,22,183,93,Male
6559234342000.0,-1.1587936,9.749189,2.3463178,-0.2648101,-1.0650436,-0.17287487,0,3,8,22,183,93,Male
6559246309000.0,-1.0534488,9.605537,2.27928,-0.22388211,-1.1010846,-0.16279559,0,3,8,22,183,93,Male
6559256581000.0,-0.92895025,9.77792,2.1547816,-0.14049901,-1.103528,-0.14110987,0,3,8,22,183,93,Male
6559266565000.0,-0.8714894,9.940725,2.030283,-0.024740042,-1.0961977,-0.1423316,0,3,8,22,183,93,Male
6559277090000.0,-0.8523358,9.864111,1.9536686,0.02687807,-1.0613784,-0.1554652,0,3,8,22,183,93,Male
6559288292000.0,-0.89064306,9.835381,1.9249382,0.12339478,-1.0118983,-0.1282817,0,3,8,22,183,93,Male
6559300564000.0,-0.94810385,9.557653,1.9919758,0.29535335,-0.9080512,-0.15424347,0,3,8,22,183,93,Male
6559312778000.0,-0.7565677,9.212888,2.327164,0.41386122,-0.8219192,-0.12308934,0,3,8,22,183,93,Male
6559324988000.0,-0.6799533,8.925584,2.566584,0.56321776,-0.7067711,-0.041233405,0,3,8,22,183,93,Male
6559337209000.0,-0.6512229,8.523358,2.681506,0.60048056,-0.5907067,-0.00030543262,0,3,8,22,183,93,Male
6559346809000.0,-0.7182605,8.101978,2.767697,0.64751714,-0.3924809,0.056505036,0,3,8,22,183,93,Male
6559358825000.0,-0.81402856,7.642292,2.8060043,0.70554936,0.008246681,0.14019357,0,3,8,22,183,93,Male
6559368505000.0,-0.9768343,7.249643,2.8538885,0.71837753,0.11881329,0.16462818,0,3,8,22,183,93,Male
6559381389000.0,-1.1013328,6.943185,2.5953147,0.77549344,0.45265114,0.2678644,0,3,8,22,183,93,Male
6559390698000.0,-1.1492168,6.339846,1.0630256,0.7797695,0.6976081,0.3463606,0,3,8,22,183,93,Male
6559403538000.0,-0.9576807,5.9567738,-0.06703765,0.7706065,0.906524,0.41263947,0,3,8,22,183,93,Male
6559413292000.0,-0.59376204,5.497087,-1.13964,0.75900006,1.0274754,0.4633413,0,3,8,22,183,93,Male
6559429246000.0,-0.06703765,4.8745947,-1.7525556,0.81122905,0.99173975,0.55741453,0,3,8,22,183,93,Male
6559442539000.0,0.94810385,3.1986535,-2.0207062,0.8210029,0.9062186,0.60139686,0,3,8,22,183,93,Male
6559453715000.0,1.5227122,2.825158,-1.6472107,0.7556403,0.85918194,0.63621616,0,3,8,22,183,93,Male
6559465155000.0,1.8674773,2.815581,-0.50757074,0.43279803,0.6750061,0.70616025,0,3,8,22,183,93,Male
6559476326000.0,2.0398598,3.2273839,0.8619126,0.29352075,0.35918877,0.7305948,0,3,8,22,183,93,Male
6559486497000.0,2.327164,4.453215,1.3694834,0.1151481,0.1994475,0.8686504,0,3,8,22,183,93,Male
6559499197000.0,2.9879637,7.1634517,1.7046716,0.0018325958,0.03604105,1.4156802,0,3,8,22,183,93,Male
6559512722000.0,4.912902,14.930242,0.1340753,0.4370741,-0.20341812,1.5460999,0,3,8,22,183,93,Male
6559524275000.0,4.7405195,16.807297,-0.63206923,0.5891795,-0.110872045,1.2437216,0,3,8,22,183,93,Male
6559537764000.0,1.9249382,18.368315,1.292869,0.2874121,0.09010262,1.0439687,0,3,8,22,183,93,Male
6559552247000.0,0.5554548,15.591042,2.0590134,-0.3539964,0.22510384,1.0946705,0,3,8,22,183,93,Male
6559562882000.0,0.58418524,12.449849,1.5801731,-0.47311515,-0.22357668,0.8863655,0,3,8,22,183,93,Male
6559572299000.0,0.9864111,11.061212,0.5267244,-0.44959682,-0.91232723,0.7473936,0,3,8,22,183,93,Male
6559582654000.0,1.1587936,10.5440645,-0.7661445,-0.28955013,-1.5274686,0.689056,0,3,8,22,183,93,Male
6559592361000.0,0.79487497,10.5919485,-2.1068976,0.087964594,-1.8863518,0.6102544,0,3,8,22,183,93,Male
6559603071000.0,0.11492168,11.080365,-3.3135753,0.61361414,-1.9660698,0.57635134,0,3,8,22,183,93,Male
6559612709000.0,-0.46926352,12.152967,-4.0892963,1.1911873,-1.6368134,0.5140431,0,3,8,22,183,93,Male
6559622624000.0,-0.5363012,13.809755,-4.175488,1.7168368,-1.3197744,0.45753807,0,3,8,22,183,93,Male
6559633628000.0,-0.2681506,15.227123,-3.715801,1.9819523,-0.47494772,0.4465425,0,3,8,22,183,93,Male
6559642869000.0,0.02873042,16.213533,-1.7908629,1.9795089,-0.24220806,0.47708577,0,3,8,22,183,93,Male
6559653048000.0,-0.31603462,16.25184,0.93852705,1.8167132,-0.17562376,0.55833083,0,3,8,22,183,93,Male
6559664371000.0,-0.641646,15.897499,2.4229321,1.7470746,-0.43310347,0.408058,0,3,8,22,183,93,Male
6559674308000.0,-0.36391866,16.002844,2.135628,1.6780468,0.007330383,0.3371976,0,3,8,22,183,93,Male
6559684294000.0,-0.22984336,15.801731,1.6184803,1.6471981,0.514654,0.2733622,0,3,8,22,183,93,Male
6559694091000.0,-0.1340753,15.198392,1.6950948,1.6337591,0.7690793,0.25992316,0,3,8,22,183,93,Male
6559704845000.0,0.038307227,14.240712,2.0973208,1.6123788,0.95630956,0.2941316,0,3,8,22,183,93,Male
6559715354000.0,0.23942018,12.066776,2.72939,1.486846,1.1713341,0.3454443,0,3,8,22,183,93,Male
6559727829000.0,-0.2873042,10.802638,3.016694,1.4227052,1.3142766,0.41416663,0,3,8,22,183,93,Male
6559737864000.0,-0.9576807,9.624691,2.8060043,1.3051136,1.2443326,0.4034765,0,3,8,22,183,93,Male
6559747804000.0,-1.8770541,8.437167,2.72939,1.1319333,1.1371256,0.4129449,0,3,8,22,183,93,Male
6559762509000.0,-2.9783869,7.536947,2.7006595,0.80848014,1.3191634,0.35185838,0,3,8,22,183,93,Male
6559777712000.0,-4.4436383,6.6175733,3.371036,0.5119051,1.5076154,0.22357668,0,3,8,22,183,93,Male
6559788373000.0,-4.673482,5.90889,3.9552212,0.23854288,1.4052955,0.06811147,0,3,8,22,183,93,Male
6559800676000.0,-4.548983,5.3342814,4.1180267,-0.15790866,1.237613,-0.106901415,0,3,8,22,183,93,Male
6559812836000.0,-4.012682,4.711789,4.0701427,-0.33841935,1.2473868,-0.15607607,0,3,8,22,183,93,Male
6559825564000.0,-2.1068976,4.309563,3.5913026,-0.52839845,1.2608259,-0.14874569,0,3,8,22,183,93,Male
6559837618000.0,-1.292869,4.0414124,2.96881,-0.52503866,1.1111639,-0.2434298,0,3,8,22,183,93,Male
6559851100000.0,-0.7374141,3.265691,2.633622,-0.6585127,0.8371908,-0.5225952,0,3,8,22,183,93,Male
6559867648000.0,0.5746084,1.9536686,2.0015526,-1.0219775,0.19730948,-0.8194757,0,3,8,22,183,93,Male
6559878855000.0,0.7374141,1.6089035,2.078167,-1.276403,-0.70341134,-1.2269229,0,3,8,22,183,93,Male
6559889912000.0,0.842759,2.1930888,2.1164744,-1.5396858,-1.1154399,-1.6349808,0,3,8,22,183,93,Male
6559902919000.0,1.2162545,11.942278,3.2752678,-1.8961257,-1.5228871,-1.924531,0,3,8,22,183,93,Male
6559913867000.0,2.834735,15.74427,0.92895025,-2.275473,-1.6933185,-1.7540996,0,3,8,22,183,93,Male
6559925093000.0,3.41892,15.533581,-0.92895025,-2.191479,-1.575116,-1.5867225,0,3,8,22,183,93,Male
6559934927000.0,3.3327289,15.418659,-1.8291701,-2.1853704,-0.7632761,-2.0167716,0,3,8,22,183,93,Male
6559946365000.0,6.349423,17.477673,-4.050989,-2.2953262,0.71776664,-2.7143798,0,3,8,22,183,93,Male
6559957617000.0,7.881712,18.511967,-2.8443117,-2.2342396,2.122146,-2.0677788,0,3,8,22,183,93,Male
6559968569000.0,6.6271505,19.029116,0.37349546,-2.105958,1.7675385,-1.5039502,0,3,8,22,183,93,Male
6559978724000.0,0.94810385,19.28769,5.1810527,-1.6737708,-0.015271631,-1.990199,0,3,8,22,183,93,Male
6559989212000.0,-2.7006595,19.412188,7.297527,-2.5583036,-2.1019874,-2.0234911,0,3,8,22,183,93,Male
6559999390000.0,-3.8881836,19.479225,6.349423,-2.812118,-1.9614882,-1.1307116,0,3,8,22,183,93,Male
6560010280000.0,-2.9975405,19.52711,1.5705963,-2.3979516,-1.4367551,-0.713796,0,3,8,22,183,93,Male
6560019462000.0,-2.9975405,19.52711,1.5705963,-2.0958786,-0.9831876,-0.6585127,0,3,8,22,183,93,Male
6560030299000.0,-0.7182605,16.299725,1.7429788,-1.8640553,-1.1187997,-0.6469063,0,3,8,22,183,93,Male
6560039952000.0,-0.6512229,14.958972,1.541866,-1.6985108,-1.7730364,-0.6750061,0,3,8,22,183,93,Male
6560051887000.0,-0.18195933,13.742718,-0.12449849,-1.4880677,-2.037541,-0.63346726,0,3,8,22,183,93,Male
6560064311000.0,-0.30645782,11.923124,-0.17238252,-0.9486737,-1.8185458,-0.47678033,0,3,8,22,183,93,Male
6560075948000.0,0.2681506,10.716447,-0.46926352,-0.54367006,-1.8267925,-0.5693264,0,3,8,22,183,93,Male
6560088813000.0,2.2601264,8.896853,0.18195933,-0.31978795,-1.784032,-0.4541783,0,3,8,22,183,93,Male
6560099891000.0,2.825158,7.489063,0.46926352,-0.19333886,-2.19209,-0.17898351,0,3,8,22,183,93,Male
6560112699000.0,3.122039,6.0142345,0.18195933,-0.109650314,-2.3289237,-0.06719518,0,3,8,22,183,93,Male
6560126085000.0,2.96881,4.596867,-0.08619126,0.027794369,-2.1093178,0.1685988,0,3,8,22,183,93,Male
6560137644000.0,2.7102363,2.7485435,-0.6991069,0.13194689,-1.7211128,0.44226643,0,3,8,22,183,93,Male
6560152563000.0,1.5514427,-0.20111294,-1.3503298,0.33750305,-0.829555,0.8604037,0,3,8,22,183,93,Male
6560163546000.0,1.0630256,-0.89064306,-2.4037786,0.47494772,-0.027488936,1.1203269,0,3,8,22,183,93,Male
6560175359000.0,0.6799533,-1.4269443,-3.4284968,0.752586,1.1643091,1.3426818,0,3,8,22,183,93,Male
6560186589000.0,0.545878,-1.6280571,-3.9839516,0.96761054,1.720502,1.2559389,0,3,8,22,183,93,Male
6560197513000.0,0.08619126,-1.5035586,-3.169923,1.0690142,1.8154916,1.0424415,0,3,8,22,183,93,Male
6560208360000.0,-0.2873042,-0.8331822,-2.528277,1.0555751,1.484708,0.8735373,0,3,8,22,183,93,Male
6560218425000.0,-0.79487497,-0.35434186,-2.2409728,1.0210613,1.0900891,0.77763146,0,3,8,22,183,93,Male
6560229068000.0,-2.2888567,-0.94810385,-0.79487497,1.2202033,0.8145888,0.56413406,0,3,8,22,183,93,Male
6560238830000.0,-5.401319,-1.733402,2.633622,1.2311989,1.432479,0.2950479,0,3,8,22,183,93,Male
6560253034000.0,-5.6982,-0.29688102,1.982399,-0.03023783,2.4339926,-0.7632761,0,3,8,22,183,93,Male
6560264499000.0,-3.4859576,1.3790601,1.5705963,0.1151481,2.6786442,-0.84574294,0,3,8,22,183,93,Male
6560275851000.0,-0.6512229,2.3750482,3.9264908,0.27580565,2.1536055,-0.8304713,0,3,8,22,183,93,Male
6560285344000.0,1.0342951,1.7238252,2.1643584,0.44501534,1.5158621,-0.95478237,0,3,8,22,183,93,Male
6560297633000.0,3.0262709,2.0398598,2.1547816,0.27550024,0.62858033,-1.3469579,0,3,8,22,183,93,Male
6560309472000.0,4.0892963,3.5242648,0.11492168,0.05009095,-0.3023783,-1.3881912,0,3,8,22,183,93,Male
6560319787000.0,6.9623384,11.319786,-2.0973208,0.23396139,-0.0580322,-0.2660318,0,3,8,22,183,93,Male
6560331112000.0,12.200851,15.428236,-7.192182,0.24984388,0.14874569,1.3674219,0,3,8,22,183,93,Male
6560343631000.0,13.302185,17.48725,-8.42759,0.011301007,0.18325958,2.0912971,0,3,8,22,183,93,Male
6560353884000.0,11.587936,18.511967,-7.517793,-0.6301075,-0.9117164,1.0861185,0,3,8,22,183,93,Male
6560365709000.0,3.2273839,15.993267,-1.0726024,-0.53878313,-2.276084,1.4608842,0,3,8,22,183,93,Male
6560378967000.0,-1.3311762,15.667656,2.1164744,2.930015,-2.9043589,3.0405817,0,3,8,22,183,93,Male
6560389235000.0,-3.6391866,15.658079,2.327164,3.0699034,-1.7831156,2.388483,0,3,8,22,183,93,Male
6560400378000.0,-4.4340615,15.792154,0.62249243,2.1636846,-0.54428095,1.0439687,0,3,8,22,183,93,Male
6560413272000.0,-3.6008794,16.184803,-0.50757074,1.6145169,0.11301007,0.26206118,0,3,8,22,183,93,Male
6560425524000.0,-3.1411927,14.690822,-1.0821792,1.0693196,-0.44959682,0.052534413,0,3,8,22,183,93,Male
6560437584000.0,-2.480393,13.656527,-2.7868507,1.112691,-0.8707884,0.20250183,0,3,8,22,183,93,Male
6560450565000.0,-1.2449849,14.231135,-5.401319,2.2953262,-0.07696902,0.73823065,0,3,8,22,183,93,Male
6560462953000.0,-0.095768064,16.634912,-4.185065,3.2824843,1.2538009,0.8854492,0,3,8,22,183,93,Male
6560476065000.0,-1.436521,16.500837,2.2505496,4.2479568,1.2504412,0.92271197,0,3,8,22,183,93,Male
6560487871000.0,-1.3215994,14.882358,7.9966335,4.042401,0.86162543,0.7993172,0,3,8,22,183,93,Male
6560501117000.0,0.545878,14.058752,10.486604,1.7183639,1.1951579,0.7809912,0,3,8,22,183,93,Male
6560513336000.0,1.3503298,12.018892,8.820239,0.92087936,0.88147855,1.067487,0,3,8,22,183,93,Male
6560525958000.0,-0.9864111,9.9790325,5.2002063,0.453262,0.49602258,1.2916746,0,3,8,22,183,93,Male
6560538507000.0,-3.1794999,8.686164,3.1411927,0.25595254,1.1258247,1.1337659,0,3,8,22,183,93,Male
6560550751000.0,-4.644751,7.0485296,1.9536686,0.08460484,1.5082263,0.9315695,0,3,8,22,183,93,Male
6560560339000.0,-6.033388,5.592855,1.3024458,0.106595986,1.6957619,0.70005155,0,3,8,22,183,93,Male
6560574915000.0,-5.841852,5.707777,2.1260512,-0.1151481,1.7803668,0.33322698,0,3,8,22,183,93,Male
6560587385000.0,-4.0222588,4.9799395,1.8579005,-0.19792034,1.6398678,0.23793201,0,3,8,22,183,93,Male
6560601620000.0,-0.80445176,3.3039982,2.882619,-0.14263703,0.9798279,0.21135938,0,3,8,22,183,93,Male
6560611407000.0,-0.7757214,2.087744,3.9264908,-0.25289822,0.053450707,-0.0076358155,0,3,8,22,183,93,Male
6560622412000.0,-0.7757214,1.13964,3.964798,-0.6356053,-0.40103304,-0.28252518,0,3,8,22,183,93,Male
6560634318000.0,-0.7374141,0.24899697,3.3614593,-1.391551,-0.86009824,-0.6704246,0,3,8,22,183,93,Male
6560644468000.0,-0.36391866,-0.4405331,2.0207062,-1.785559,-0.7324274,-0.81214535,0,3,8,22,183,93,Male
6560654951000.0,0.12449849,-0.5267244,0.5363012,-2.055867,-0.30757064,-0.99021256,0,3,8,22,183,93,Male
6560679032000.0,1.388637,1.4939818,-0.4309563,-2.519819,0.6301075,-1.5555683,0,3,8,22,183,93,Male
6560689963000.0,3.2465374,12.29662,1.2641385,-2.5259278,0.4642576,-1.690875,0,3,8,22,183,93,Male
6560702744000.0,3.2848446,15.102624,-0.7374141,-1.9611828,-0.29901853,-1.8689423,0,3,8,22,183,93,Male
6560713204000.0,2.7581203,14.767436,-2.0207062,-1.6975945,-0.98929626,-1.8521434,0,3,8,22,183,93,Male
6560724346000.0,2.3558946,14.662091,-1.8387469,-1.6597209,-0.47769663,-2.5121834,0,3,8,22,183,93,Male
6560738484000.0,4.156334,17.30529,-3.6008794,-1.7825048,0.20677789,-3.3576207,0,3,8,22,183,93,Male
6560750336000.0,5.717354,18.425776,-4.3478703,-1.3475688,1.998751,-3.47002,0,3,8,22,183,93,Male
6560763015000.0,4.606444,18.981232,-2.1260512,-0.61422503,1.3600914,-2.3539693,0,3,8,22,183,93,Male
6560776233000.0,-1.3215994,19.258959,6.83784,-0.3408628,-1.1029172,-2.2424862,0,3,8,22,183,93,Male
6560787320000.0,-4.663905,19.469648,8.312668,-1.711339,-2.5595255,-1.6126842,0,3,8,22,183,93,Male
6560797584000.0,-4.673482,19.507956,5.497087,-1.981036,-2.402533,-0.98807454,0,3,8,22,183,93,Male
6560813177000.0,-4.6160207,17.774553,2.9400797,-1.6096299,-2.2452352,-0.782213,0,3,8,22,183,93,Male
6560824168000.0,-3.6296098,16.22311,0.5650316,-0.98929626,-2.1978931,-0.77457714,0,3,8,22,183,93,Male
6560837405000.0,-0.4405331,13.254301,-1.2066777,-0.7263188,-2.2073615,-0.6435465,0,3,8,22,183,93,Male
6560849207000.0,1.1492168,11.63582,-1.7142484,-0.45753807,-2.1798725,-0.4728097,0,3,8,22,183,93,Male
6560859271000.0,2.777274,10.43872,-1.733402,-0.3555236,-2.0564778,-0.41172317,0,3,8,22,183,93,Male
6560869129000.0,3.9839516,9.375694,-1.4939818,-0.08124508,-1.8555032,-0.034513887,0,3,8,22,183,93,Male
6560879440000.0,4.606444,7.824251,-1.1587936,0.10140363,-1.8671097,0.28252518,0,3,8,22,183,93,Male
6560892685000.0,4.55856,6.0525417,-0.62249243,0.2489276,-1.8781052,0.4999932,0,3,8,22,183,93,Male
6560903616000.0,4.1659107,4.673482,-0.41180268,0.31948254,-1.7180585,0.6948592,0,3,8,22,183,93,Male
6560913337000.0,3.7445314,3.2752678,-0.25857377,0.44073927,-1.3417655,0.94989544,0,3,8,22,183,93,Male
6560926075000.0,2.528277,1.7525556,0.18195933,0.6542367,-0.7788532,1.2092078,0,3,8,22,183,93,Male
6560937997000.0,2.078167,1.2354081,-0.009576807,0.713796,-0.23396139,1.2867876,0,3,8,22,183,93,Male
6560948848000.0,1.6184803,1.043872,0.05746084,0.8790351,0.6160576,1.349096,0,3,8,22,183,93,Male
6560959085000.0,1.0726024,0.9576807,0.37349546,0.9636399,0.92149025,1.3060299,0,3,8,22,183,93,Male
6560969589000.0,0.5650316,0.81402856,0.7182605,0.94806284,1.0198395,1.2147056,0,3,8,22,183,93,Male
6560979625000.0,0.08619126,0.59376204,0.7661445,0.92179567,0.9578367,1.0586295,0,3,8,22,183,93,Male
6560989370000.0,-0.50757074,0.34476504,0.31603462,0.8753699,0.9230174,0.87781334,0,3,8,22,183,93,Male
6561003202000.0,-1.5705963,0.06703765,-0.5554548,0.8258898,0.93584555,0.70952,0,3,8,22,183,93,Male
6561013348000.0,-3.1411927,-0.16280572,-1.6376339,0.593761,1.1496484,0.31887165,0,3,8,22,183,93,Male
6561026030000.0,-4.7405195,-0.05746084,-3.41892,0.13836098,1.8726074,-0.59681535,0,3,8,22,183,93,Male
6561035356000.0,-4.31914,0.6607997,-2.6719291,0.10720685,2.4367414,-1.1450669,0,3,8,22,183,93,Male
6561045481000.0,-2.882619,1.7717092,-0.60333884,0.24556783,2.8011227,-1.402852,0,3,8,22,183,93,Male
6561057066000.0,-0.47884035,3.4093432,2.1164744,0.35185838,2.8182268,-1.5039502,0,3,8,22,183,93,Male
6561067007000.0,2.327164,6.0142345,3.0262709,0.2678644,2.264172,-1.7638733,0,3,8,22,183,93,Male
6561077809000.0,4.050989,8.37013,1.9249382,0.4728097,1.2076806,-1.6282613,0,3,8,22,183,93,Male
6561088224000.0,6.531382,13.953407,0.06703765,0.7058548,1.1154399,-0.7657196,0,3,8,22,183,93,Male
6561099291000.0,10.658986,16.749836,-4.596867,0.13988814,1.8442022,0.96761054,0,3,8,22,183,93,Male
6561112963000.0,12.765883,14.729129,-10.955867,-0.2996294,1.4532484,1.5855007,0,3,8,22,183,93,Male
6561122896000.0,10.390836,14.010868,-3.4572272,-0.1872302,2.0231857,0.95142263,0,3,8,22,183,93,Male
6561134560000.0,7.8050976,16.280571,2.7485435,0.8558222,-2.3478606,2.097406,0,3,8,22,183,93,Male
6561144892000.0,5.056554,17.908628,4.003105,0.79259765,-3.9468002,3.0641,0,3,8,22,183,93,Male
6561158378000.0,2.5187001,18.722658,2.873042,0.94042706,-3.3060026,3.154508,0,3,8,22,183,93,Male
6561168398000.0,0.17238252,19.13446,1.3982137,0.77824235,-1.8576412,2.7791314,0,3,8,22,183,93,Male
6561178830000.0,-3.1124623,17.7554,-1.7142484,0.6377433,-0.1600467,1.3118331,0,3,8,22,183,93,Male
6561188676000.0,-5.133168,16.16565,-2.6910827,0.81397796,0.0030543262,0.87017757,0,3,8,22,183,93,Male
6561200350000.0,-6.167464,14.853627,-2.9496565,1.2592987,0.031154128,0.62125,0,3,8,22,183,93,Male
6561212043000.0,-6.6367273,13.206416,-3.4763808,2.0082195,0.06994407,0.5183192,0,3,8,22,183,93,Male
6561221993000.0,-5.813122,13.455414,-3.2082303,2.845105,0.029321533,0.51251596,0,3,8,22,183,93,Male
6561233263000.0,-4.6160207,13.369223,-2.930503,3.3142493,-0.01038471,0.65057147,0,3,8,22,183,93,Male
6561242550000.0,-2.4708161,12.804191,-0.59376204,3.3759468,0.5467244,0.59040123,0,3,8,22,183,93,Male
6561253629000.0,0.4309563,12.77546,4.721366,3.2201762,1.3298537,0.31703907,0,3,8,22,183,93,Male
6561263861000.0,2.3175871,12.564771,9.749189,2.2412646,1.3869696,0.47250426,0,3,8,22,183,93,Male
6561276055000.0,2.2697031,11.492168,10.0269165,0.5696318,-0.1133155,0.8219192,0,3,8,22,183,93,Male
6561287980000.0,1.1587936,10.371682,5.6886234,0.30634892,-0.45937067,0.99204516,0,3,8,22,183,93,Male
6561299355000.0,-0.35434186,8.791509,3.1603463,0.63224554,-0.1518,1.0897835,0,3,8,22,183,93,Male
6561312703000.0,-3.0550013,6.981492,1.5035586,0.8197812,0.19975294,0.9578367,0,3,8,22,183,93,Male
6561324336000.0,-3.5913026,5.7365074,1.340753,0.79381937,1.258077,0.66889745,0,3,8,22,183,93,Male
6561337877000.0,-3.1603463,5.267244,1.685518,0.70157874,1.7476854,0.64904433,0,3,8,22,183,93,Male
6561349353000.0,-1.9249382,4.223372,3.2369606,0.3203988,1.7467692,0.56779927,0,3,8,22,183,93,Male
6561363946000.0,-1.8866309,3.916914,2.9113493,0.049785517,1.4758505,0.28221974,0,3,8,22,183,93,Male
6561375692000.0,-2.2505496,3.41892,2.7964275,0.09010262,1.1713341,0.045814894,0,3,8,22,183,93,Male
6561388103000.0,-2.2026656,2.6048915,2.336741,0.12370021,0.94989544,-0.12797627,0,3,8,22,183,93,Male
6561397779000.0,-2.087744,1.8579005,2.0494366,0.06811147,0.61544675,-0.30909783,0,3,8,22,183,93,Male
6561409417000.0,-1.7812861,1.1971009,1.6663644,-0.3173445,-0.06719518,-0.59589905,0,3,8,22,183,93,Male
6561419729000.0,-1.7812861,0.46926352,1.3790601,-0.63163465,-0.30024028,-0.71837753,0,3,8,22,183,93,Male
6561429718000.0,-2.3175871,-0.33518824,1.8100165,-0.96486163,-0.4999932,-0.93462384,0,3,8,22,183,93,Male
6561439517000.0,-2.4133554,0.06703765,1.7717092,-1.2782356,-0.44837508,-1.2092078,0,3,8,22,183,93,Male
6561452845000.0,-2.8538885,2.432509,2.873042,-1.8044959,-0.3933972,-1.5925257,0,3,8,22,183,93,Male
6561464492000.0,-2.5187001,10.084377,3.3135753,-2.5411994,0.04520403,-1.7977765,0,3,8,22,183,93,Male
6561477600000.0,2.873042,15.974113,0.59376204,-2.3548856,-1.187522,-2.08977,0,3,8,22,183,93,Male
6561489128000.0,3.8498764,17.152061,-0.30645782,-1.8240436,-1.1258247,-2.228131,0,3,8,22,183,93,Male
6561500396000.0,7.240066,18.349161,-1.685518,-1.2803736,-0.6612616,-3.368311,0,3,8,22,183,93,Male
6561513078000.0,12.306197,18.942924,-7.7189064,-1.205848,1.72264,-3.638619,0,3,8,22,183,93,Male
6561522990000.0,13.972561,19.239805,-6.3302693,-1.1847731,4.2864413,-2.2174408,0,3,8,22,183,93,Male
6561537805000.0,-0.5267244,19.469648,10.151415,-1.5280794,1.0910053,-2.010663,0,3,8,22,183,93,Male
6561552321000.0,-6.033388,19.507956,9.452309,-2.6224444,-2.4846945,-1.91323,0,3,8,22,183,93,Male
6561563580000.0,-7.651869,19.52711,5.90889,-2.4468207,-1.9150625,-1.0207558,0,3,8,22,183,93,Male
6561575354000.0,-5.851429,17.439365,-0.2777274,-1.7996091,-1.3552046,-0.85154617,0,3,8,22,183,93,Male
6561587889000.0,-4.76925,15.2367,-2.1260512,-1.5497651,-1.0451905,-0.93187493,0,3,8,22,183,93,Male
6561599373000.0,-2.72939,13.982138,-2.72939,-0.86376345,-1.0473285,-1.2834278,0,3,8,22,183,93,Male
6561612708000.0,-0.4405331,13.091495,-2.0685902,-0.5897904,-1.3445144,-1.3139712,0,3,8,22,183,93,Male
6561624404000.0,1.9632454,12.4785795,-1.4077905,-0.48991394,-1.7455474,-0.97433007,0,3,8,22,183,93,Male
6561637674000.0,6.0238113,10.46745,-0.8331822,-0.49235737,-1.8497,-0.689056,0,3,8,22,183,93,Male
6561649343000.0,6.742072,8.791509,-0.4213795,-0.49388456,-2.2385156,-0.21288654,0,3,8,22,183,93,Male
6561664931000.0,5.899313,4.663905,0.11492168,-0.33414328,-2.3585508,0.22418754,0,3,8,22,183,93,Male
6561677309000.0,5.00867,3.0358477,0.4405331,-0.20311269,-2.440712,0.56505036,0,3,8,22,183,93,Male
6561687633000.0,3.9552212,2.1260512,0.25857377,-0.1554652,-2.5051584,0.8258898,0,3,8,22,183,93,Male
6561697442000.0,2.7485435,1.2162545,-0.48841715,-0.07849618,-2.313652,1.1737776,0,3,8,22,183,93,Male
6561708358000.0,1.4748282,0.58418524,-1.4460979,0.06872234,-1.6716328,1.4135422,0,3,8,22,183,93,Male
6561718073000.0,0.5650316,0.24899697,-1.9057846,0.33933565,-0.8781188,1.50731,0,3,8,22,183,93,Male
6561728213000.0,-0.047884032,-0.11492168,-2.0207062,0.63071835,-0.32375857,1.4813483,0,3,8,22,183,93,Male
6561738800000.0,-0.45968673,-0.37349546,-2.5953147,0.8454375,0.3555236,1.3008375,0,3,8,22,183,93,Male
6561749751000.0,-0.9576807,-0.5650316,-2.7964275,0.8170323,0.6750061,1.056186,0,3,8,22,183,93,Male
6561759544000.0,-1.4460979,-0.92895025,-2.825158,0.71868294,0.8573494,0.7315111,0,3,8,22,183,93,Male
6561769710000.0,-2.0111294,-1.283292,-2.8921957,0.65668017,1.0115929,0.37140608,0,3,8,22,183,93,Male
6561781447000.0,-2.5187001,-1.6280571,-2.9783869,0.65118235,1.4511104,-0.0009162979,0,3,8,22,183,93,Male
6561793142000.0,-3.4859576,-2.2505496,-2.528277,0.71776664,1.93797,-0.19608775,0,3,8,22,183,93,Male
6561804195000.0,-4.10845,-2.3463178,-1.388637,0.344528,3.6193767,-0.50946164,0,3,8,22,183,93,Male
6561813537000.0,-3.8594532,-1.8195933,-0.12449849,0.20586158,3.619682,-0.6374379,0,3,8,22,183,93,Male
6561824999000.0,-2.7389667,-0.41180268,1.1779473,0.4297437,2.588847,-0.89644474,0,3,8,22,183,93,Male
6561847885000.0,1.8483237,3.6966474,3.667917,2.1551325,-0.108123146,-1.2458596,0,3,8,22,183,93,Male
6561863532000.0,3.6391866,8.149862,-1.5993267,2.4981334,0.24281894,-1.103528,0,3,8,22,183,93,Male
6561874826000.0,8.322245,13.8480625,-2.432509,1.5964963,0.44043383,0.11484267,0,3,8,22,183,93,Male
6561888858000.0,13.809755,16.692375,-2.3750482,-0.47494772,-1.1410962,1.8374827,0,3,8,22,183,93,Male
6561899440000.0,9.730036,18.722658,-1.3599066,-1.8206838,-1.2675453,1.5445728,0,3,8,22,183,93,Male
6561909558000.0,7.3166804,14.719552,1.8004397,-2.4529295,-2.1679606,1.1899655,0,3,8,22,183,93,Male
6561922628000.0,5.813122,11.204864,3.3997664,-1.3197744,-3.8142426,1.1026118,0,3,8,22,183,93,Male
6561933320000.0,5.171476,13.359646,-5.439626,0.18967366,-4.372268,1.3842206,0,3,8,22,183,93,Male
6561944637000.0,2.4420857,15.907076,-8.1402855,2.6218336,-0.36193767,1.7208074,0,3,8,22,183,93,Male
6561954458000.0,-0.5554548,17.314867,-6.83784,3.0127873,0.40133846,1.3326025,0,3,8,22,183,93,Male
6561968622000.0,-5.8705826,16.414646,-4.7788267,2.830444,0.5531385,0.9868528,0,3,8,22,183,93,Male
6561978947000.0,-5.803545,15.677233,-4.548983,3.0069842,1.3475688,0.79779,0,3,8,22,183,93,Male
6561989981000.0,-5.1523223,15.428236,-2.4037786,3.5601227,2.398257,0.87964594,0,3,8,22,183,93,Male
6562003298000.0,-4.663905,14.757859,1.7812861,3.8344011,3.0240884,0.70402217,0,3,8,22,183,93,Male
6562014277000.0,-4.606444,13.962984,7.929596,3.1236594,1.865277,0.5729916,0,3,8,22,183,93,Male
6562025574000.0,-3.6870706,13.120225,10.448297,2.1053472,0.7467828,0.6927212,0,3,8,22,183,93,Male
6562039081000.0,0.9672575,11.080365,7.8625584,1.0989466,0.012217305,1.119716,0,3,8,22,183,93,Male
6562050856000.0,1.0534488,9.356541,5.659893,0.6569856,-0.30207285,1.2687671,0,3,8,22,183,93,Male
6562060677000.0,0.18195933,8.494628,3.8786068,0.5907067,-0.20189096,1.1997393,0,3,8,22,183,93,Male
6562072554000.0,-0.7661445,7.6135616,2.1164744,0.68752885,0.26450464,1.0320568,0,3,8,22,183,93,Male
6562083736000.0,-1.1779473,6.6750345,2.327164,0.40103304,1.2370021,0.9691377,0,3,8,22,183,93,Male
6562093591000.0,-1.8004397,5.2002063,2.3750482,0.18997909,1.4077389,0.8924741,0,3,8,22,183,93,Male
6562103894000.0,-2.566584,3.9552212,2.5378537,-0.044898596,1.4117095,0.5626069,0,3,8,22,183,93,Male
6562114917000.0,-3.1411927,3.763685,2.6431987,-0.13500121,1.162782,0.36102137,0,3,8,22,183,93,Male
6562125263000.0,-3.8402996,3.7062242,2.6910827,-0.2125811,0.8888089,0.17501289,0,3,8,22,183,93,Male
6562135778000.0,-3.964798,2.7485435,1.2066777,-0.17470746,0.9828822,0.030848695,0,3,8,22,183,93,Male
6562145190000.0,-3.964798,2.7485435,1.2066777,-0.08032878,1.1557571,-0.09712757,0,3,8,22,183,93,Male
6562157166000.0,-2.336741,1.541866,1.13964,-0.11178834,1.0512991,-0.24740042,0,3,8,22,183,93,Male
6562166637000.0,-1.6376339,0.5267244,1.6663644,-0.27885997,0.7305948,-0.40042216,0,3,8,22,183,93,Male
6562179019000.0,-1.1587936,-0.58418524,1.9153614,-0.74372846,0.06688975,-0.68508536,0,3,8,22,183,93,Male
6562189072000.0,-0.81402856,-1.2066777,1.4748282,-1.1872166,-0.034208454,-0.87689704,0,3,8,22,183,93,Male
6562199217000.0,-0.8331822,-1.4077905,1.1875241,-1.5855007,-0.026267206,-1.1795808,0,3,8,22,183,93,Male
6562209216000.0,-0.6799533,0.019153614,1.0342951,-1.9501873,-0.07696902,-1.4902058,0,3,8,22,183,93,Male
6562219147000.0,-0.2873042,4.3478703,2.719813,-2.418721,-0.4202753,-1.720502,0,3,8,22,183,93,Male
6562229368000.0,0.45010993,11.942278,2.1547816,-2.5906794,-0.9233228,-2.0836613,0,3,8,22,183,93,Male
6562239442000.0,2.4995465,14.642938,-0.93852705,-1.9575176,-1.0054842,-2.0958786,0,3,8,22,183,93,Male
6562252824000.0,3.265691,14.920665,-1.7812861,-1.790446,-0.16310102,-2.0900755,0,3,8,22,183,93,Male
6562263142000.0,4.31914,15.342045,-1.7908629,-1.3405437,0.45020768,-2.6169467,0,3,8,22,183,93,Male
6562274518000.0,4.759673,14.518439,-2.8634653,-0.5296202,1.5012014,-4.047593,0,3,8,22,183,93,Male
6562285647000.0,10.304645,18.282124,-1.8483237,-1.1169671,2.6203065,-3.181997,0,3,8,22,183,93,Male
6562296577000.0,7.9104424,18.914194,0.81402856,-1.7037032,3.0842586,-1.8924606,0,3,8,22,183,93,Male
6562308344000.0,-3.2273839,19.230228,8.111555,-1.7754798,1.4694363,-2.005165,0,3,8,22,183,93,Male
6562318319000.0,-7.728483,19.383457,9.461885,-1.7434094,-1.7489072,-2.733622,0,3,8,22,183,93,Male
6562328965000.0,-8.24563,19.460072,5.8801594,-1.5800029,-1.6978999,-1.4831808,0,3,8,22,183,93,Male
6562339502000.0,-7.1155677,18.23424,2.96881,-1.2852604,-1.1010846,-1.2363913,0,3,8,22,183,93,Male
6562353756000.0,-2.8443117,15.974113,-0.48841715,-1.2299771,-0.55863625,-1.1224649,0,3,8,22,183,93,Male
6562364132000.0,-1.1300632,15.2367,-0.92895025,-0.98440933,-0.61819565,-0.98563105,0,3,8,22,183,93,Male
6562374608000.0,0.7469909,14.958972,-0.82360536,-0.7984009,-0.806953,-0.8573494,0,3,8,22,183,93,Male
6562385354000.0,2.327164,14.489709,-0.23942018,-0.5552765,-1.3313808,-0.7593055,0,3,8,22,183,93,Male
6562397433000.0,3.86903,13.857639,-0.38307226,-0.50426924,-1.8090774,-0.61208695,0,3,8,22,183,93,Male
6562409065000.0,5.00867,12.612655,0.12449849,-0.473726,-2.3356433,-0.34880406,0,3,8,22,183,93,Male
6562418697000.0,5.2768207,10.477027,0.59376204,-0.4654793,-2.6624563,-0.19700404,0,3,8,22,183,93,Male
6562428848000.0,5.0278234,8.063671,0.7469909,-0.41905355,-2.8554895,0.061086524,0,3,8,22,183,93,Male
6562440428000.0,4.4723687,5.755661,1.1204864,-0.4896085,-2.9153545,0.46486846,0,3,8,22,183,93,Male
6562455151000.0,2.7868507,1.3120226,0.009576807,-0.42271876,-2.2650883,0.9627236,0,3,8,22,183,93,Male
6562467411000.0,1.8579005,-0.10534488,-0.8810662,-0.18509217,-1.6814066,1.1774428,0,3,8,22,183,93,Male
6562480345000.0,0.18195933,-1.0534488,-2.135628,0.18692477,-0.54641896,1.5384641,0,3,8,22,183,93,Male
6562491347000.0,-0.33518824,-0.94810385,-3.0071173,0.48441613,0.1133155,1.6572775,0,3,8,22,183,93,Male
6562504671000.0,-0.7086837,-0.6607997,-3.8115692,0.77213365,1.0088439,1.4862351,0,3,8,22,183,93,Male
6562514541000.0,-1.13964,-0.40222588,-4.3861775,0.8197812,1.3029755,1.2070698,0,3,8,22,183,93,Male
6562527966000.0,-1.388637,-0.25857377,-4.271256,0.84849185,1.3029755,0.87872964,0,3,8,22,183,93,Male
6562538277000.0,-1.6567876,-0.05746084,-3.8977604,0.88789266,1.1261301,0.56596667,0,3,8,22,183,93,Male
6562548787000.0,-1.8387469,-0.019153614,-3.7349546,0.9285152,0.96577793,0.10751228,0,3,8,22,183,93,Male
6562558090000.0,-1.9153614,0.02873042,-3.4763808,0.890947,0.97249746,0.009773844,0,3,8,22,183,93,Male
6562568184000.0,-2.078167,-0.18195933,-3.1124623,0.84940815,1.2232577,-0.101098195,0,3,8,22,183,93,Male
6562579044000.0,-4.55856,-0.4213795,1.5035586,0.37323865,2.8658743,-0.4392121,0,3,8,22,183,93,Male
6562589272000.0,-4.7309427,1.8483237,7.6710224,0.23396139,3.1850514,-0.76083267,0,3,8,22,183,93,Male
6562603365000.0,-0.641646,5.554548,9.586384,0.7021896,2.058616,-1.0112875,0,3,8,22,183,93,Male
6562613596000.0,1.8674773,4.213795,4.8841715,1.146594,0.7788532,-1.3652838,0,3,8,22,183,93,Male
6562623202000.0,2.7389667,3.5434184,1.733402,0.60994893,0.5742133,-1.5060883,0,3,8,22,183,93,Male
6562633388000.0,4.3382936,7.1155677,-1.0534488,0.32559118,0.93676186,-1.210124,0,3,8,22,183,93,Male
6562643643000.0,8.532935,13.330915,-3.667917,-0.11301007,1.4385877,-0.18875736,0,3,8,22,183,93,Male
6562653658000.0,12.277467,16.4338,-4.644751,-0.8558222,1.5601498,1.9828686,0,3,8,22,183,93,Male
6562666026000.0,11.080365,17.985243,-10.505757,-1.1343768,1.758681,1.983174,0,3,8,22,183,93,Male
6562677402000.0,7.9487495,17.535133,1.5514427,-0.45142943,0.8417723,1.4538593,0,3,8,22,183,93,Male
6562688338000.0,6.4547677,16.931795,6.1770406,-0.17959438,-3.4125986,1.529912,0,3,8,22,183,93,Male
6562697879000.0,3.9743748,17.678785,2.1930888,0.81214535,-7.1028357,1.8756617,0,3,8,22,183,93,Male
6562707766000.0,0.1436521,18.607735,-3.8594532,2.4397957,-5.34782,2.5732698,0,3,8,22,183,93,Male
6562718862000.0,-4.156334,19.077,-4.1659107,2.9116893,0.87109387,2.3652701,0,3,8,22,183,93,Male
6562729968000.0,-6.7133417,17.353174,-3.0358477,1.7941113,1.3637567,1.2855659,0,3,8,22,183,93,Male
6562739699000.0,-7.8912888,15.2367,-2.834735,1.207986,1.2519683,0.3475823,0,3,8,22,183,93,Male
6562753344000.0,-7.4603324,14.288596,-3.0262709,1.7531832,1.1960741,0.18967366,0,3,8,22,183,93,Male
6562763012000.0,-6.3206925,13.666103,-2.9017725,2.605951,1.0680978,0.5002986,0,3,8,22,183,93,Male
6562772977000.0,-4.453215,13.283031,-3.2561142,3.5720346,1.4312572,0.9007208,0,3,8,22,183,93,Male
6562783499000.0,-3.41892,13.187263,-0.81402856,4.010636,1.8710803,0.7302894,0,3,8,22,183,93,Male
6562793242000.0,-2.7581203,12.813767,4.4915223,3.7956111,1.425454,0.6001751,0,3,8,22,183,93,Male
6562805171000.0,-0.842759,12.861651,8.523358,2.271808,0.50701815,0.86467975,0,3,8,22,183,93,Male
6562814156000.0,1.0055647,12.698846,9.931149,1.1817188,-0.0036651916,1.151481,0,3,8,22,183,93,Male
6562824794000.0,1.8579005,12.028469,8.379706,0.8762862,-0.3567453,1.3298537,0,3,8,22,183,93,Male
6562834523000.0,-0.8523358,8.695741,3.8115692,0.81581056,-0.059864793,1.2119566,0,3,8,22,183,93,Male
6562844539000.0,-0.9768343,8.322245,3.1411927,0.8570439,0.49693888,1.1145236,0,3,8,22,183,93,Male
6562855468000.0,-1.2066777,6.981492,2.4037786,0.7049385,1.1844677,1.119716,0,3,8,22,183,93,Male
6562865078000.0,-1.8291701,6.1866174,2.2697031,0.4025602,1.4853189,0.9810496,0,3,8,22,183,93,Male
6562875702000.0,-2.4133554,5.45878,2.4995465,0.15302174,1.4343116,0.8503244,0,3,8,22,183,93,Male
6562885467000.0,-2.920926,5.391742,1.8291701,-0.15454891,1.1682798,0.6637051,0,3,8,22,183,93,Male
6562897106000.0,-3.5625722,5.161899,1.5801731,-0.23640485,1.03786,0.50976706,0,3,8,22,183,93,Male
6562906834000.0,-4.1946416,4.098873,1.1492168,-0.1777618,0.9074403,0.40683624,0,3,8,22,183,93,Male
6562916915000.0,-4.759673,2.7581203,1.3503298,-0.03359759,0.990518,0.22235495,0,3,8,22,183,93,Male
6562928371000.0,-4.501099,1.7812861,1.6472107,-0.005497787,1.0586295,0.013133603,0,3,8,22,183,93,Male
6562938942000.0,-3.667917,1.3503298,1.9536686,-0.43249258,0.8017606,-0.34147367,0,3,8,22,183,93,Male
6562948967000.0,-2.5953147,0.8619126,1.934515,-0.78984874,0.5421429,-0.48441613,0,3,8,22,183,93,Male
6562960263000.0,-1.7908629,0.08619126,1.9728222,-1.0708468,0.11056661,-0.7049385,0,3,8,22,183,93,Male
6562971004000.0,-1.1875241,-0.076614454,1.7621324,-1.466382,-0.2660318,-1.071763,0,3,8,22,183,93,Male
6562981608000.0,-0.545878,0.60333884,1.4939818,-1.8909334,-0.5021312,-1.5173893,0,3,8,22,183,93,Male
6562991645000.0,-0.4405331,3.8498764,4.280833,-2.4217753,-0.50732356,-1.8573358,0,3,8,22,183,93,Male
6563017012000.0,2.882619,15.552734,-2.3654714,-1.7455474,-0.5305365,-1.8206838,0,3,8,22,183,93,Male
6563027745000.0,4.0701427,17.54471,-2.0015526,-1.3713925,-0.24709499,-2.363743,0,3,8,22,183,93,Male
6563038403000.0,6.7803793,18.540697,-1.5801731,-1.0482447,0.44837508,-2.9608638,0,3,8,22,183,93,Male
6563048250000.0,9.902418,19.038692,-5.0661306,-1.2880094,1.7186694,-2.698192,0,3,8,22,183,93,Male
6563059271000.0,9.3661175,19.28769,-3.1028855,-1.5815301,3.042109,-1.8726074,0,3,8,22,183,93,Male
6563069143000.0,6.1770406,19.412188,0.49799395,-1.4495832,1.2180653,-2.2565362,0,3,8,22,183,93,Male
6563079356000.0,-3.4380736,19.479225,8.724471,-1.5537357,-1.861001,-2.797152,0,3,8,22,183,93,Male
6563091866000.0,-7.536947,19.52711,5.0661306,-1.7256943,-2.1248949,-1.9776763,0,3,8,22,183,93,Male
6563103519000.0,-6.0716953,18.397045,1.6376339,-1.7907515,-1.3228287,-1.4645494,0,3,8,22,183,93,Male
6563113260000.0,-4.280833,16.500837,-0.90021986,-1.4477507,-0.5137377,-1.2464706,0,3,8,22,183,93,Male
6563122986000.0,-2.135628,15.073894,-1.8866309,-1.0552697,0.087964594,-1.219287,0,3,8,22,183,93,Male
6563137607000.0,-0.038307227,14.087482,-1.3215994,-0.43157628,-0.1966986,-1.3057245,0,3,8,22,183,93,Male
6563147541000.0,1.6089035,13.589489,-0.7182605,-0.33292156,-0.66339964,-1.3084733,0,3,8,22,183,93,Male
6563157667000.0,3.2273839,13.139379,-0.37349546,-0.32284227,-1.1563679,-1.112691,0,3,8,22,183,93,Male
6563168083000.0,4.5872903,12.181698,-0.60333884,-0.30176744,-1.4501941,-0.77854776,0,3,8,22,183,93,Male
6563179222000.0,6.14831,8.2169,-0.641646,-0.27458394,-1.5125023,-0.36987892,0,3,8,22,183,93,Male
6563188807000.0,6.196194,6.090849,-0.39264908,-0.267559,-1.6346754,-0.16157386,0,3,8,22,183,93,Male
6563203049000.0,6.0142345,4.1946416,0.2873042,-0.28038713,-1.5625933,0.16615535,0,3,8,22,183,93,Male
6563212921000.0,5.3438582,2.9496565,0.5267244,-0.42424592,-1.7385225,0.5360342,0,3,8,22,183,93,Male
6563222418000.0,4.1946416,1.9440918,0.19153613,-0.6047566,-1.8344283,0.9230174,0,3,8,22,183,93,Male
6563236183000.0,2.7581203,0.7469909,-0.9768343,-0.57360244,-1.3665055,1.3503176,0,3,8,22,183,93,Male
6563245514000.0,1.4173675,-0.095768064,-1.7621324,-0.31948254,-0.94959,1.5125023,0,3,8,22,183,93,Male
6563257370000.0,0.21068975,-0.6799533,-1.8962077,-0.2049453,-0.66828656,1.6627752,0,3,8,22,183,93,Male
6563267291000.0,-0.7086837,-0.8523358,-2.1260512,-0.09101892,-0.48563787,1.7241671,0,3,8,22,183,93,Male
6563278584000.0,-1.8004397,-1.2641385,-3.4955344,0.009162978,-0.14569137,1.5763378,0,3,8,22,183,93,Male
6563288332000.0,-2.432509,-1.6089035,-3.6008794,0.16798794,0.1740966,1.2223413,0,3,8,22,183,93,Male
6563298350000.0,-3.0454245,-1.9536686,-3.5529952,0.37782016,0.18784106,0.7467828,0,3,8,22,183,93,Male
6563312088000.0,-3.620033,-2.1739352,-3.763685,0.8378017,0.6273586,0.040927973,0,3,8,22,183,93,Male
6563322278000.0,-4.6351743,-2.030283,-4.050989,1.0384709,2.4877486,-0.15851954,0,3,8,22,183,93,Male
6563332571000.0,-6.1866174,-0.545878,-2.9400797,0.65393126,5.024061,-0.27091873,0,3,8,22,183,93,Male
6563342530000.0,-5.3725886,3.2561142,2.2984335,0.30940324,5.422345,-0.4914411,0,3,8,22,183,93,Male
6563353405000.0,-2.2697031,4.4819455,3.6296098,0.9275989,3.0384438,-0.58123827,0,3,8,22,183,93,Male
6563363511000.0,-0.08619126,4.711789,3.0550013,1.609019,1.3310753,-0.6084218,0,3,8,22,183,93,Male
6563373174000.0,2.1547816,8.274361,1.5131354,1.7928895,0.73823065,-0.4111123,0,3,8,22,183,93,Male
6563384214000.0,6.215348,13.905523,1.5131354,0.36835176,-1.4740179,0.6924158,0,3,8,22,183,93,Male
6563394264000.0,9.576807,16.721106,0.2681506,-0.9459248,-2.8548787,1.6065756,0,3,8,22,183,93,Male
6563404460000.0,8.90643,18.128895,-0.80445176,-1.772731,-3.5775323,1.5485435,0,3,8,22,183,93,Male
6563416875000.0,5.2289367,12.794614,-6.3685765,-2.1633792,-3.4553592,1.294118,0,3,8,22,183,93,Male
6563428341000.0,6.1866174,11.33894,-7.0485296,-0.93462384,-2.9287934,1.2788464,0,3,8,22,183,93,Male
6563438055000.0,5.209783,13.139379,-4.10845,1.0708468,-3.202461,1.0567969,0,3,8,22,183,93,Male
6563447596000.0,4.060566,15.619772,-4.0701427,2.7488935,-4.012774,0.6215554,0,3,8,22,183,93,Male
6563463609000.0,1.8579005,17.583017,-4.6351743,4.768109,-0.31764993,0.8585711,0,3,8,22,183,93,Male
6563473005000.0,-1.3215994,18.138472,-3.514688,3.9089267,2.5393667,1.237613,0,3,8,22,183,93,Male
6563484081000.0,-5.631162,12.603078,5.2768207,1.4040737,3.627318,0.98807454,0,3,8,22,183,93,Male
6563494190000.0,-3.6391866,11.137826,5.6886234,1.368949,1.5311338,0.4251622,0,3,8,22,183,93,Male
6563508077000.0,-0.51714754,11.070788,3.0933087,1.9449949,0.48258355,0.18600847,0,3,8,22,183,93,Male
6563518218000.0,1.3503298,11.674128,2.2026656,2.2968533,0.46700647,0.23090707,0,3,8,22,183,93,Male
6563529171000.0,1.1587936,11.63582,1.9728222,1.9935588,0.87689704,0.72204274,0,3,8,22,183,93,Male
6563538721000.0,-0.6512229,10.821792,3.5913026,1.6722436,0.72051555,0.63804877,0,3,8,22,183,93,Male
6563552916000.0,-1.0055647,8.762778,2.7868507,1.2568552,0.7199047,0.64873886,0,3,8,22,183,93,Male
6563563633000.0,-1.2162545,7.249643,3.4572272,1.2339478,0.92179567,0.83260936,0,3,8,22,183,93,Male
6563574202000.0,-1.2258313,6.157887,3.9839516,0.9954049,0.79381937,0.99021256,0,3,8,22,183,93,Male
6563587166000.0,-1.9057846,5.056554,3.8402996,0.6814202,0.820392,0.91782504,0,3,8,22,183,93,Male
6563597821000.0,-2.0590134,4.501099,3.1890767,0.41386122,1.078788,0.68294734,0,3,8,22,183,93,Male
6563611913000.0,-1.9440918,3.5529952,2.6240451,0.14935656,1.3161092,0.52839845,0,3,8,22,183,93,Male
6563621749000.0,-2.087744,2.4420857,2.5378537,0.0021380284,1.5409076,0.34330627,0,3,8,22,183,93,Male
6563632775000.0,-1.6759412,3.064578,3.1507695,-0.13041973,1.5760323,0.2049453,0,3,8,22,183,93,Male
6563642479000.0,-0.9576807,3.572149,2.6719291,-0.24220806,1.3536774,0.14996742,0,3,8,22,183,93,Male
6563654326000.0,-0.7661445,3.3997664,1.5610195,-0.18234327,1.1737776,-0.039095376,0,3,8,22,183,93,Male
6563665801000.0,-0.48841715,2.9113493,0.8810662,-0.13347405,1.0974194,-0.17623462,0,3,8,22,183,93,Male
6563678723000.0,-0.62249243,2.1452048,0.60333884,-0.19975294,0.9282097,-0.41355577,0,3,8,22,183,93,Male
6563688551000.0,-0.90979666,1.7525556,0.60333884,-0.4456262,0.72692966,-0.58123827,0,3,8,22,183,93,Male
6563698178000.0,-1.3311762,2.1164744,0.641646,-0.91538155,0.39950588,-0.7495316,0,3,8,22,183,93,Male
6563713388000.0,-3.7541082,11.779472,0.24899697,-2.2834144,-0.47647488,-1.1438452,0,3,8,22,183,93,Male
6563723182000.0,-1.4269443,14.585477,0.23942018,-2.5228734,-0.8744536,-1.4746287,0,3,8,22,183,93,Male
6563737619000.0,0.30645782,15.591042,1.532289,-1.5552629,-1.7434094,-1.6939293,0,3,8,22,183,93,Male
6563748175000.0,2.777274,17.03714,0.93852705,-1.3228287,-1.6804903,-2.5729644,0,3,8,22,183,93,Male
6563763029000.0,13.522451,18.914194,-6.7229185,-1.1328496,0.74220127,-3.4370334,0,3,8,22,183,93,Male
6563773197000.0,13.67568,19.230228,-6.6367273,-1.3090842,3.7791178,-2.1707096,0,3,8,22,183,93,Male
6563787930000.0,10.649409,19.383457,-3.5913026,-1.4147639,5.102557,-1.5418239,0,3,8,22,183,93,Male
6563798177000.0,3.620033,19.460072,4.5872903,-1.2855659,2.9373455,-2.137723,0,3,8,22,183,93,Male
6563813044000.0,-4.261679,19.517532,8.513782,-1.5757269,-0.65179324,-1.5662584,0,3,8,22,183,93,Male
6563823178000.0,-4.999093,18.349161,4.55856,-1.2800682,-0.8622363,-1.0522153,0,3,8,22,183,93,Male
6563838054000.0,-4.175488,17.219099,1.1971009,-0.3631594,-0.021991149,-0.8597928,0,3,8,22,183,93,Male
6563848194000.0,-2.6719291,14.853627,-2.0015526,0.04337143,0.8026769,-0.64568454,0,3,8,22,183,93,Male
6563865144000.0,-0.5746084,14.049175,-2.825158,0.015271631,1.7299703,-0.55955255,0,3,8,22,183,93,Male
6563878572000.0,1.4460979,11.3964,-0.5363012,-0.046731193,1.4718798,-0.55955255,0,3,8,22,183,93,Male
6563888674000.0,1.9728222,9.911995,0.095768064,-0.21960606,0.39767328,-0.4654793,0,3,8,22,183,93,Male
6563898591000.0,2.3558946,8.456321,0.2873042,-0.25411993,-0.2648101,-0.46089783,0,3,8,22,183,93,Male
6563912612000.0,2.8060043,7.038953,1.5897499,0.105374254,-0.5491679,-0.5403103,0,3,8,22,183,93,Male
6563923304000.0,3.5625722,5.9663506,2.1739352,0.129198,-1.029308,-0.36987892,0,3,8,22,183,93,Male
6563937973000.0,3.9264908,3.4859576,1.1013328,-0.061086524,-1.5763378,0.11636983,0,3,8,22,183,93,Male
6563948243000.0,3.217807,1.8483237,-0.7182605,-0.20525073,-1.7589865,0.47616947,0,3,8,22,183,93,Male
6563959233000.0,2.087744,0.40222588,-2.3175871,-0.052839845,-1.3429873,0.86559606,0,3,8,22,183,93,Male
6563969239000.0,1.0247183,-0.2777274,-3.6583402,0.34880406,-1.0158689,1.1044444,0,3,8,22,183,93,Male
6563979417000.0,0.12449849,-0.30645782,-4.5394063,0.766025,-0.50885075,1.3084733,0,3,8,22,183,93,Male
6563989869000.0,-0.7469909,-0.15322891,-4.7309427,1.0094548,-0.011911872,1.3365731,0,3,8,22,183,93,Male
6564004306000.0,-1.2354081,0.047884032,-4.5777135,1.1319333,0.6740898,1.070236,0,3,8,22,183,93,Male
6564014053000.0,-1.4748282,0.1436521,-4.0318356,1.0421361,1.0384709,0.8396343,0,3,8,22,183,93,Male
6564025226000.0,-1.7621324,-0.22026655,-3.4093432,0.88789266,1.3151928,0.6203337,0,3,8,22,183,93,Male
6564035280000.0,-2.6240451,-1.733402,-2.3654714,0.7816021,1.8106046,0.3042109,0,3,8,22,183,93,Male
6564045170000.0,-3.4476504,-2.528277,-1.6184803,0.625526,2.8518243,-0.004886922,0,3,8,22,183,93,Male
6564058182000.0,-4.4244847,-1.7717092,-0.08619126,0.4098906,4.0924916,-0.38698313,0,3,8,22,183,93,Male
6564068209000.0,-3.9360676,1.043872,2.681506,0.5412266,4.1532726,-0.80756384,0,3,8,22,183,93,Male
6564078799000.0,-1.7812861,3.3901896,4.060566,1.3319917,1.7663169,-0.5705481,0,3,8,22,183,93,Male
6564088397000.0,0.02873042,4.1946416,3.4284968,1.6013832,1.0842859,-0.40408736,0,3,8,22,183,93,Male
6564098472000.0,1.3694834,6.129156,1.8674773,1.92392,0.2950479,-0.099265605,0,3,8,22,183,93,Male
6564109322000.0,3.8307228,12.832921,2.0590134,1.4337007,-1.2156218,0.0729984,0,3,8,22,183,93,Male
6564119358000.0,8.810662,16.184803,2.6431987,-0.1020145,-3.2931745,-0.13897185,0,3,8,22,183,93,Male
6564129719000.0,11.645397,17.860744,-0.02873042,-1.2690725,-5.1327953,0.9837985,0,3,8,22,183,93,Male
6564142955000.0,9.902418,18.703505,-0.81402856,-1.6740762,-6.2415156,2.0879374,0,3,8,22,183,93,Male
6564154071000.0,6.291962,5.899313,-12.29662,-1.779756,-3.7562103,1.8811595,0,3,8,22,183,93,Male
6564164075000.0,5.861006,4.5777135,-7.7667904,-0.37568212,0.055283304,1.5882497,0,3,8,22,183,93,Male
6564175217000.0,5.2480903,6.033388,-3.3806129,0.50640726,1.278541,1.1279627,0,3,8,22,183,93,Male
6564184969000.0,4.7500963,9.940725,-1.541866,1.1557571,1.5622878,0.8029824,0,3,8,22,183,93,Male
6564197038000.0,3.86903,14.259866,-1.0247183,1.5201381,1.5192219,0.8536842,0,3,8,22,183,93,Male
6564208487000.0,2.3942018,16.347609,-1.3599066,1.6194037,1.1954633,0.9092729,0,3,8,22,183,93,Male
6564218051000.0,0.46926352,17.027563,-1.5897499,1.4220943,0.6252206,1.0152581,0,3,8,22,183,93,Male
6564228892000.0,-2.0111294,15.8783455,-2.2409728,0.8970556,0.082161374,0.86193085,0,3,8,22,183,93,Male
6564238859000.0,-3.4955344,14.422671,-4.1180267,1.2461652,0.72082096,0.9059132,0,3,8,22,183,93,Male
6564248511000.0,-4.807557,13.43626,-6.0142345,1.6615535,1.3713925,0.94897914,0,3,8,22,183,93,Male
6564260590000.0,-6.435614,13.072341,-5.631162,3.0262265,3.5094209,0.86070913,0,3,8,22,183,93,Male
6564272792000.0,-6.7708025,11.836933,5.48751,3.4077117,3.4773505,0.6805039,0,3,8,22,183,93,Male
6564284350000.0,-4.3766007,11.233594,9.548077,2.3570235,1.9679024,0.22479841,0,3,8,22,183,93,Male
6564296563000.0,-0.9576807,10.601525,8.360553,1.2556335,1.3814718,0.39858958,0,3,8,22,183,93,Male
6564306128000.0,1.043872,9.749189,7.393295,0.8713993,0.9456194,0.80756384,0,3,8,22,183,93,Male
6564319689000.0,0.7278373,8.6574335,6.291962,0.4978552,0.5720753,0.9850202,0,3,8,22,183,93,Male
6564329795000.0,-0.62249243,7.2592196,4.1276035,0.3313944,0.7809912,0.94042706,0,3,8,22,183,93,Male
6564342679000.0,-3.2561142,5.0278234,0.2777274,0.3304781,1.2651019,0.85154617,0,3,8,22,183,93,Male
6564352810000.0,-3.9264908,4.2521024,-0.51714754,0.5207626,1.8219056,0.6188065,0,3,8,22,183,93,Male
6564362400000.0,-4.1276035,4.012682,0.50757074,0.6945538,2.189341,0.4456262,0,3,8,22,183,93,Male
6564372381000.0,-4.2425256,3.6391866,1.4748282,0.6059783,2.0781636,0.21105394,0,3,8,22,183,93,Male
6564382543000.0,-3.7924154,3.9839516,1.934515,0.34697145,1.81091,0.015882496,0,3,8,22,183,93,Male
6564392349000.0,-3.083732,4.003105,1.9632454,0.21594086,1.4437801,-0.029932396,0,3,8,22,183,93,Male
6564403684000.0,-2.4995465,3.86903,1.934515,0.21227567,1.1392636,-0.18906279,0,3,8,22,183,93,Male
6564413889000.0,-1.6950948,3.6774938,2.1452048,0.12675454,0.91324353,-0.23854288,0,3,8,22,183,93,Male
6564425263000.0,-1.091756,2.8443117,2.1930888,-0.024740042,0.61453044,-0.29565877,0,3,8,22,183,93,Male
6564434933000.0,-0.51714754,1.6663644,1.9536686,-0.25778514,0.49266282,-0.42088616,0,3,8,22,183,93,Male
6564444908000.0,-0.32561144,0.21068975,2.2697031,-0.6423248,0.3830125,-0.72418076,0,3,8,22,183,93,Male
6564455355000.0,-0.7469909,0.076614454,3.1124623,-1.2360858,0.09101892,-1.2363913,0,3,8,22,183,93,Male
6564465380000.0,-0.47884035,1.8770541,3.4380736,-2.250122,-0.28008172,-1.5656476,0,3,8,22,183,93,Male
6564477143000.0,-0.23942018,8.303091,5.2480903,-2.874121,-0.39828414,-1.9388863,0,3,8,22,183,93,Male
6564486768000.0,3.763685,13.924677,2.3175871,-2.4135287,-1.1301007,-2.2336287,0,3,8,22,183,93,Male
6564497263000.0,4.9799395,14.365211,0.33518824,-2.0934353,-0.3915646,-2.3435845,0,3,8,22,183,93,Male
6564507958000.0,8.322245,17.410635,0.41180268,-1.9361374,0.39706242,-3.3728924,0,3,8,22,183,93,Male
6564518189000.0,13.196839,18.47366,-5.746084,-1.5961909,0.70646566,-4.6163087,0,3,8,22,183,93,Male
6564527969000.0,15.322891,19.009962,-8.925584,-1.393689,2.8808405,-4.492303,0,3,8,22,183,93,Male
6564538740000.0,11.626244,19.278112,-1.934515,-0.6075055,6.461427,-1.178359,0,3,8,22,183,93,Male
6564548147000.0,3.016694,19.412188,8.801085,-0.6224717,5.607743,-0.990518,0,3,8,22,183,93,Male
6564559182000.0,-3.323152,19.479225,12.0571995,-1.8606955,-0.30085114,-2.2201898,0,3,8,22,183,93,Male
6564569089000.0,-5.899313,19.335573,9.308656,-1.8240436,-1.040609,-1.738828,0,3,8,22,183,93,Male
6564579166000.0,-7.0581064,18.167202,5.085284,-1.5641204,-0.6227771,-1.2889256,0,3,8,22,183,93,Male
6564589564000.0,-6.2823853,17.104177,1.0534488,-1.1701124,0.24648413,-1.2211196,0,3,8,22,183,93,Male
6564602681000.0,-4.7884035,15.849615,-1.1683705,-0.9663888,0.94714653,-1.0815369,0,3,8,22,183,93,Male
6564612935000.0,-3.1028855,14.633361,-1.1204864,-0.90408057,0.92057395,-1.0012082,0,3,8,22,183,93,Male
6564622665000.0,-0.90021986,13.761871,-0.019153614,-0.818254,0.31490102,-0.9092729,0,3,8,22,183,93,Male
6564635234000.0,1.2258313,13.187263,0.7086837,-0.61361414,-1.1517864,-0.73548174,0,3,8,22,183,93,Male
6564647372000.0,4.721366,10.630256,0.4405331,-0.6056729,-1.5763378,-0.47952923,0,3,8,22,183,93,Male
6564658289000.0,5.6120086,8.839393,-0.019153614,-0.6075055,-1.6691893,-0.20555615,0,3,8,22,183,93,Male
6564668696000.0,6.1770406,6.9048777,-0.32561144,-0.42180246,-1.3500122,0.28802297,0,3,8,22,183,93,Male
6564679555000.0,6.3206925,4.9416323,-0.24899697,-0.35124752,-1.0937542,0.6398814,0,3,8,22,183,93,Male
6564692687000.0,5.6407394,3.074155,-0.2777274,-0.29993483,-1.1276573,0.93370754,0,3,8,22,183,93,Male
6564704339000.0,4.5298295,1.5993267,-0.89064306,0.01282817,-1.2635747,1.2718215,0,3,8,22,183,93,Male
6564714335000.0,1.6567876,0.21068975,-4.175488,0.27550024,-0.958753,1.325883,0,3,8,22,183,93,Male
6564727886000.0,0.60333884,0.22984336,-4.903325,0.71776664,-0.3155119,1.2996159,0,3,8,22,183,93,Male
6564737718000.0,-0.1340753,0.7374141,-5.2480903,1.0256428,0.11881329,1.2922854,0,3,8,22,183,93,Male
6564747298000.0,-0.8714894,0.6895301,-5.391742,1.1270463,0.4859433,1.2944235,0,3,8,22,183,93,Male
6564758232000.0,-1.484405,0.22026655,-5.0661306,1.1667526,0.75716746,1.210735,0,3,8,22,183,93,Male
6564767658000.0,-2.231396,-0.46926352,-4.7309427,1.039998,0.92087936,1.0442741,0,3,8,22,183,93,Male
6564778458000.0,-2.681506,-0.91937345,-4.213795,0.9447031,0.8555168,0.7669413,0,3,8,22,183,93,Male
6564788453000.0,-2.7485435,-1.2737153,-3.4955344,0.9575313,0.78893244,0.5534439,0,3,8,22,183,93,Male
6564797844000.0,-3.3518825,-1.7621324,-3.7253778,0.89675015,1.2577715,0.3933972,0,3,8,22,183,93,Male
6564812493000.0,-7.086837,-1.9919758,-1.9632454,-1.1737776,6.5591655,-0.6649268,0,3,8,22,183,93,Male
6564822294000.0,-6.8186865,0.49799395,4.1180267,-0.97249746,5.445558,-0.9071349,0,3,8,22,183,93,Male
6564833509000.0,-1.2258313,3.0454245,5.2289367,0.8695667,2.7015514,-0.5870415,0,3,8,22,183,93,Male
6564842931000.0,0.50757074,2.1643584,2.3942018,2.3047945,1.269378,-0.5027421,0,3,8,22,183,93,Male
6564853618000.0,1.1013328,1.8579005,0.46926352,2.5402832,1.1047498,-0.71776664,0,3,8,22,183,93,Male
6564864891000.0,1.934515,3.3423057,1.0247183,2.307238,1.2034045,-1.1676689,0,3,8,22,183,93,Male
6564877715000.0,6.253655,11.444284,1.1683705,1.7256943,0.05131268,-2.1792617,0,3,8,22,183,93,Male
6564887380000.0,10.237606,15.495274,-2.528277,0.20341812,-1.0360274,-1.8710803,0,3,8,22,183,93,Male
6564897836000.0,14.5567465,17.51598,-5.305551,-0.6792821,-0.64568454,0.7470882,0,3,8,22,183,93,Male
6564908193000.0,12.612655,18.53112,-4.6255975,-1.0290025,-0.3539964,1.9630154,0,3,8,22,183,93,Male
6564918454000.0,9.155427,16.778566,-3.016694,-1.5198327,-0.5766568,2.223244,0,3,8,22,183,93,Male
6564929294000.0,6.83784,12.708423,-1.685518,-2.1316142,-1.2217305,2.1105394,0,3,8,22,183,93,Male
6564939159000.0,5.449203,11.176133,-0.93852705,-1.3622295,-0.18142697,2.28036,0,3,8,22,183,93,Male
6564953274000.0,3.5817258,14.757859,-1.2641385,0.6227771,0.42363504,2.4956899,0,3,8,22,183,93,Male
6564963754000.0,-1.13964,18.301277,-5.056554,1.2159272,0.65668017,1.8781052,0,3,8,22,183,93,Male
6564974364000.0,-2.633622,18.92377,-5.4204726,1.7244726,0.43310347,0.7666359,0,3,8,22,183,93,Male
6564985805000.0,-4.510676,19.211075,-5.851429,2.4303274,0.11301007,0.9789116,0,3,8,22,183,93,Male
6564995417000.0,-6.483498,18.387468,-7.517793,3.6713002,1.1297953,1.3090842,0,3,8,22,183,93,Male
6565005667000.0,-7.5465236,18.540697,-7.642292,4.90311,2.819754,1.7174476,0,3,8,22,183,93,Male
6565017174000.0,-9.691729,17.899052,-3.5625722,5.116302,5.8328466,2.357329,0,3,8,22,183,93,Male
6565028235000.0,-11.942278,14.5567465,7.9870567,3.8912115,6.2540383,2.0885482,0,3,8,22,183,93,Male
6565038672000.0,-8.724471,11.540052,13.761871,2.1933117,2.7568347,1.17897,0,3,8,22,183,93,Male
6565048592000.0,-3.1794999,10.927136,14.757859,1.2519683,0.24465153,1.4450017,0,3,8,22,183,93,Male
6565059480000.0,-1.2545617,7.7572136,2.4516625,0.043982297,0.4783075,1.3735305,0,3,8,22,183,93,Male
6565069462000.0,-2.5091233,6.7612257,0.46926352,0.36468655,1.8112154,1.2760975,0,3,8,22,183,93,Male
6565083546000.0,-3.064578,5.9663506,0.5746084,0.872621,2.3353379,1.1456778,0,3,8,22,183,93,Male
6565093106000.0,-3.86903,5.48751,1.283292,0.84940815,2.5506678,1.1682798,0,3,8,22,183,93,Male
6565103968000.0,-4.9416323,4.510676,2.4612393,0.43799037,2.357329,0.72784597,0,3,8,22,183,93,Male
6565113646000.0,-4.759673,4.6255975,2.4133554,0.20769419,2.1120665,0.4908302,0,3,8,22,183,93,Male
6565123774000.0,-4.8362875,4.3766007,1.7238252,-0.08307768,1.4825699,0.08368854,0,3,8,22,183,93,Male
6565136369000.0,-4.5298295,3.821146,1.3599066,0.09040806,1.361924,0.04184427,0,3,8,22,183,93,Male
6565147550000.0,-2.1547816,2.6048915,1.3694834,0.32253686,1.35551,0.18081611,0,3,8,22,183,93,Male
6565157811000.0,-1.4939818,1.6280571,1.9153614,0.3857614,1.3842206,0.26328292,0,3,8,22,183,93,Male
6565167987000.0,-1.8770541,-0.019153614,3.1316159,0.084910266,1.1129965,-0.029626964,0,3,8,22,183,93,Male
6565178686000.0,-2.1739352,-1.6089035,3.5625722,-0.58246,0.54367006,-0.59742624,0,3,8,22,183,93,Male
6565188378000.0,-2.1547816,-2.3463178,2.834735,-1.3558154,0.16279559,-1.0922271,0,3,8,22,183,93,Male
6565198415000.0,-1.6280571,-1.8004397,1.7429788,-1.9816469,0.008552114,-1.3906348,0,3,8,22,183,93,Male
6565212723000.0,-0.32561144,0.25857377,0.9576807,-2.5259278,0.0036651916,-1.6588045,0,3,8,22,183,93,Male
6565222791000.0,1.13964,4.0701427,1.5131354,-2.831055,0.10567969,-1.8988746,0,3,8,22,183,93,Male
6565232963000.0,2.882619,11.808203,0.9672575,-3.121216,0.9251554,-2.1517727,0,3,8,22,183,93,Male
6565243078000.0,3.7445314,15.677233,-1.1204864,-2.4297166,0.5207626,-2.5350907,0,3,8,22,183,93,Male
6565253758000.0,4.098873,16.366762,-1.5801731,-1.7107282,0.72051555,-2.550057,0,3,8,22,183,93,Male
6565265335000.0,4.548983,16.452953,-1.3215994,-1.1976013,1.1108584,-3.5692856,0,3,8,22,183,93,Male
6565278737000.0,10.898406,18.061857,-3.9935284,-1.1334605,2.9648345,-4.254982,0,3,8,22,183,93,Male
6565289668000.0,11.21444,18.799273,-3.064578,-1.4110987,3.4626896,-3.1569517,0,3,8,22,183,93,Male
6565302989000.0,5.659893,19.172768,1.5705963,-1.1673635,2.2724187,-2.3405302,0,3,8,22,183,93,Male
6565313397000.0,-3.6870706,19.354727,10.1226845,-1.2305881,-0.6740898,-2.4596488,0,3,8,22,183,93,Male
6565322964000.0,-8.063671,19.450495,12.650962,-2.2794437,-2.1923954,-1.9651535,0,3,8,22,183,93,Male
6565337679000.0,-8.829816,18.55985,3.964798,-2.447737,-2.0958786,-1.1921035,0,3,8,22,183,93,Male
6565375120000.0,-3.4763808,14.030022,-3.3423057,-0.6044512,-1.073901,-1.0836749,0,3,8,22,183,93,Male
6565398448000.0,5.1523223,12.957419,-1.5897499,-0.44348818,-2.3188446,-0.6621779,0,3,8,22,183,93,Male
6565411492000.0,6.8761473,11.137826,-1.6950948,-0.4196644,-2.317928,-0.040011674,0,3,8,22,183,93,Male
6565421412000.0,7.2304893,8.379706,-1.8483237,-0.29016098,-2.0583105,0.32925636,0,3,8,22,183,93,Male
6565431427000.0,6.9144545,5.899313,-1.0630256,-0.20280726,-1.983174,0.7431176,0,3,8,22,183,93,Male
6565441565000.0,6.033388,3.715801,-0.39264908,-0.13103059,-2.037541,1.1728612,0,3,8,22,183,93,Male
6565452117000.0,5.056554,2.0015526,-0.4309563,0.009162978,-1.8048013,1.5494597,0,3,8,22,183,93,Male
6565463889000.0,2.767697,0.4405331,-1.5514427,0.2724459,-1.1398746,1.8020525,0,3,8,22,183,93,Male
6565473374000.0,2.231396,0.25857377,-1.7908629,0.58551437,-0.20097467,1.890628,0,3,8,22,183,93,Male
6565483839000.0,1.7046716,0.2777274,-2.2888567,1.1621711,0.73364913,1.9477439,0,3,8,22,183,93,Male
6565493943000.0,1.043872,0.21068975,-2.6527755,1.452943,1.3362677,1.8808541,0,3,8,22,183,93,Male
6565505129000.0,0.22026655,0.038307227,-2.5761611,1.7116444,1.5552629,1.7333301,0,3,8,22,183,93,Male
6565516321000.0,-0.78529817,-0.37349546,-2.3942018,1.6878207,1.529912,1.4993688,0,3,8,22,183,93,Male
6565528515000.0,-2.0111294,-0.63206923,-2.327164,1.5381587,1.2370021,1.1530081,0,3,8,22,183,93,Male
6565538551000.0,-2.9017725,-1.3215994,-2.719813,1.5870279,0.7861836,0.7858781,0,3,8,22,183,93,Male
6565548199000.0,-3.4572272,-2.2026656,-3.6870706,1.7443258,1.0867293,0.3979787,0,3,8,22,183,93,Male
6565559946000.0,-5.9567738,-3.323152,-3.2848446,0.6197228,4.3875394,-0.61666846,0,3,8,22,183,93,Male
6565572261000.0,-5.602432,1.0247183,-1.13964,-0.034513887,4.6911397,-1.1930199,0,3,8,22,183,93,Male
6565582880000.0,-3.1028855,3.514688,1.3120226,0.099571034,3.7653735,-1.1307116,0,3,8,22,183,93,Male
6565593303000.0,-1.1013328,5.401319,4.3861775,0.6606508,2.352442,-0.7189884,0,3,8,22,183,93,Male
6565604637000.0,0.79487497,5.6886234,5.8705826,2.1084013,-0.9837985,-0.4120286,0,3,8,22,183,93,Male
6565614293000.0,2.0590134,4.855441,3.7732618,2.7058277,-2.0433443,-0.60048056,0,3,8,22,183,93,Male
6565625323000.0,2.9400797,5.2002063,1.13964,2.4926357,-1.3426818,-0.9654725,0,3,8,22,183,93,Male
6565637867000.0,5.142745,9.270349,0.1436521,1.2947289,-0.16065755,-1.772731,0,3,8,22,183,93,Male
6565648114000.0,9.911995,14.403518,-1.388637,-0.3268129,0.7272351,-1.7214183,0,3,8,22,183,93,Male
6565659149000.0,12.440272,18.253393,-3.4284968,-1.3680327,1.4712689,0.26939157,0,3,8,22,183,93,Male
6565668674000.0,12.440272,18.253393,-3.4284968,-1.6859881,1.5173893,1.7754798,0,3,8,22,183,93,Male
6565680480000.0,6.9144545,11.9614315,-1.13964,-2.5466971,0.34116822,1.8567249,0,3,8,22,183,93,Male
6565693043000.0,5.602432,8.523358,1.7621324,-3.0812044,-0.44684792,1.6154331,0,3,8,22,183,93,Male
6565704220000.0,5.1140146,13.838486,-6.1866174,-1.953547,-2.4807239,1.6392568,0,3,8,22,183,93,Male
6565713970000.0,2.1739352,16.692375,-8.992621,1.9349157,-1.4984524,2.032654,0,3,8,22,183,93,Male
6565724587000.0,-1.2449849,18.119318,-8.599973,3.818824,-1.6417004,1.8545868,0,3,8,22,183,93,Male
6565734739000.0,-4.721366,18.828003,-7.565677,3.3637295,-2.0402899,1.2137892,0,3,8,22,183,93,Male
6565747263000.0,-7.28795,18.89504,-8.552089,3.6034942,-0.054061573,1.1606439,0,3,8,22,183,93,Male
6565758917000.0,-10.0269165,18.301277,-2.2409728,4.7378707,4.714047,1.861001,0,3,8,22,183,93,Male
6565768571000.0,-10.907983,15.533581,8.647857,4.6098948,5.3016996,1.8118263,0,3,8,22,183,93,Male
6565779186000.0,-7.441179,12.794614,12.631808,2.7382035,2.5402832,0.61911196,0,3,8,22,183,93,Male
6565788977000.0,-1.2066777,12.74673,8.647857,1.8811595,1.1407908,0.3390302,0,3,8,22,183,93,Male
6565799717000.0,3.3423057,12.459426,9.385271,1.7458528,0.5143485,1.4553864,0,3,8,22,183,93,Male
6565809719000.0,2.633622,11.616667,8.111555,1.176221,-0.4654793,1.7421877,0,3,8,22,183,93,Male
6565820996000.0,0.5650316,10.850522,4.7405195,0.54733527,-0.2565634,1.604743,0,3,8,22,183,93,Male
6565833204000.0,-1.388637,9.490616,2.1164744,0.45234573,0.25809056,1.2519683,0,3,8,22,183,93,Male
6565843280000.0,-2.3750482,7.872135,1.1013328,0.53023106,0.5751296,1.1074986,0,3,8,22,183,93,Male
6565854070000.0,-3.1028855,6.1195793,0.7086837,0.4428773,1.1108584,1.0079277,0,3,8,22,183,93,Male
6565865216000.0,-3.514688,4.8458643,1.4173675,0.3136793,1.3319917,0.77854776,0,3,8,22,183,93,Male
6565878721000.0,-4.003105,3.6870706,1.8674773,0.06169739,1.3090842,0.42424592,0,3,8,22,183,93,Male
6565888589000.0,-3.9360676,3.7062242,1.3120226,-0.23060162,1.1282681,0.21105394,0,3,8,22,183,93,Male
6565898447000.0,-3.9360676,3.5529952,1.0247183,-0.32895094,1.0195341,0.035430185,0,3,8,22,183,93,Male
6565909870000.0,-3.122039,3.6104562,0.63206923,-0.34697145,1.2046263,-0.18448131,0,3,8,22,183,93,Male
6565921154000.0,-2.2505496,2.9975405,1.1971009,-0.25167647,1.2238685,-0.2171626,0,3,8,22,183,93,Male
6565933642000.0,-1.3503298,2.2984335,2.1452048,-0.29749137,0.9388999,-0.2678644,0,3,8,22,183,93,Male
6565943920000.0,-0.8714894,0.9959879,2.719813,-0.71868294,0.3304781,-0.6719518,0,3,8,22,183,93,Male
6565953073000.0,-0.7374141,-0.41180268,2.566584,-0.9053023,0.2171626,-0.88422745,0,3,8,22,183,93,Male
6565963060000.0,-0.8619126,-0.5650316,2.5761611,-1.3771957,-0.09193522,-1.4150693,0,3,8,22,183,93,Male
6565973093000.0,-0.81402856,0.7469909,2.5474305,-2.0082195,-0.5235115,-1.8335121,0,3,8,22,183,93,Male
6565983946000.0,2.27928,13.474567,0.31603462,-2.6847527,-0.7693848,-2.4065037,0,3,8,22,183,93,Male
6565993688000.0,4.3382936,14.978126,-1.2737153,-2.208278,-1.067487,-2.3716843,0,3,8,22,183,93,Male
6566004487000.0,5.2959743,15.667656,-1.1204864,-2.2327125,-0.17165314,-2.1731532,0,3,8,22,183,93,Male
6566014009000.0,4.807557,13.579912,-2.432509,-2.021353,0.41905355,-2.4611762,0,3,8,22,183,93,Male
6566024871000.0,5.93762,15.188815,-3.371036,-1.0622946,1.3274102,-3.8832703,0,3,8,22,183,93,Male
6566037028000.0,9.864111,17.362751,-1.8100165,-0.80664754,2.5488353,-3.5967746,0,3,8,22,183,93,Male
6566046943000.0,9.32781,18.454506,-1.1587936,-1.8191566,3.179859,-2.0066924,0,3,8,22,183,93,Male
6566056882000.0,5.1235914,19.000385,4.510676,-2.0705278,2.5118778,-1.2599095,0,3,8,22,183,93,Male
6566067192000.0,-2.2888567,19.268536,9.481039,-2.4486532,-0.6056729,-2.047315,0,3,8,22,183,93,Male
6566078017000.0,-5.765238,19.40261,8.475474,-2.4856107,-2.437047,-2.5292876,0,3,8,22,183,93,Male
6566087537000.0,-5.9567738,19.258959,4.261679,-2.5259278,-2.4465153,-2.0030272,0,3,8,22,183,93,Male
6566097576000.0,-5.4683566,17.650055,-0.095768064,-2.205529,-1.6872098,-1.4498887,0,3,8,22,183,93,Male
6566109864000.0,-3.667917,16.510414,-3.5529952,-1.5063937,-0.005497787,-1.2538009,0,3,8,22,183,93,Male
6566119465000.0,-2.0685902,15.849615,-3.8881836,-1.0784826,0.3417791,-1.2040154,0,3,8,22,183,93,Male
6566131020000.0,-0.35434186,15.198392,-1.043872,-0.81306165,-0.5369505,-1.2177598,0,3,8,22,183,93,Male
6566141758000.0,3.217807,14.393941,1.4460979,-0.73426,-1.6136005,-1.0925325,0,3,8,22,183,93,Male
6566153080000.0,4.7405195,13.685257,1.0342951,-0.79320854,-2.5234842,-0.85918194,0,3,8,22,183,93,Male
6566164346000.0,5.8322754,12.641385,-0.076614454,-0.6270532,-2.8447995,-0.25717425,0,3,8,22,183,93,Male
6566173722000.0,5.7843914,10.524911,-0.6512229,-0.56169057,-2.7571404,0.02107485,0,3,8,22,183,93,Male
6566186118000.0,5.161899,7.795521,-1.1204864,-0.552833,-2.4327707,0.16187929,0,3,8,22,183,93,Male
6566197532000.0,4.5394063,5.056554,-0.93852705,-0.45814893,-2.232407,0.36132678,0,3,8,22,183,93,Male
6566209131000.0,3.8307228,2.6623523,-0.91937345,-0.2959642,-2.069917,0.87017757,0,3,8,22,183,93,Male
6566218696000.0,2.7389667,1.0726024,-0.9672575,-0.05222898,-1.9046779,1.2388347,0,3,8,22,183,93,Male
6566229117000.0,1.5131354,-0.15322891,-1.7238252,0.3268129,-1.382388,1.5164729,0,3,8,22,183,93,Male
6566239578000.0,0.61291564,-0.92895025,-2.8634653,0.7495316,-0.46303585,1.6007724,0,3,8,22,183,93,Male
6566253264000.0,-0.1436521,-1.340753,-3.4955344,1.0644327,0.41905355,1.488984,0,3,8,22,183,93,Male
6566264038000.0,-0.16280572,-1.3215994,-3.4380736,1.1527027,0.89369583,1.3603969,0,3,8,22,183,93,Male
6566273338000.0,-0.20111294,-1.4077905,-3.4763808,0.98624194,1.1878275,1.1646146,0,3,8,22,183,93,Male
6566285325000.0,-0.41180268,-1.6759412,-3.064578,0.5742133,1.5112807,0.83016586,0,3,8,22,183,93,Male
6566294942000.0,-0.58418524,-1.8195933,-2.5953147,0.32620203,1.3408492,0.48258355,0,3,8,22,183,93,Male
6566305769000.0,-1.0151415,-2.0973208,-2.1739352,0.30940324,1.0601566,0.074830994,0,3,8,22,183,93,Male
6566315423000.0,-1.2354081,-2.4516625,-1.541866,0.4813618,0.84940815,-0.34605515,0,3,8,22,183,93,Male
6566326987000.0,-1.7908629,-2.9400797,-0.2873042,0.8011498,2.0158553,-0.6780604,0,3,8,22,183,93,Male
6566337117000.0,-4.4340615,-1.8291701,2.2026656,-0.15271631,3.827987,-1.1215485,0,3,8,22,183,93,Male
6566347184000.0,-3.4572272,0.8523358,3.3806129,-0.36713,2.95109,-1.0818423,0,3,8,22,183,93,Male
6566357268000.0,-1.9153614,2.633622,3.916914,0.040927973,1.4440855,-0.97341377,0,3,8,22,183,93,Male
6566367344000.0,-0.24899697,3.1316159,2.1547816,0.9138544,0.6569856,-0.9859365,0,3,8,22,183,93,Male
6566377678000.0,1.8100165,3.0358477,-0.62249243,1.146594,0.6151413,-1.0207558,0,3,8,22,183,93,Male
6566387814000.0,2.4708161,4.2904096,-0.6991069,1.3332134,0.6872234,-0.93431836,0,3,8,22,183,93,Male
6566397990000.0,5.0661306,11.271901,-1.9632454,1.41904,0.19150625,-0.7629707,0,3,8,22,183,93,Male
6566407777000.0,11.779472,15.409082,-4.3957543,1.3671165,-0.398895,0.0033597588,0,3,8,22,183,93,Male
6566418017000.0,15.370775,17.477673,-5.3725886,1.187522,-0.30757064,2.2305744,0,3,8,22,183,93,Male
6566428721000.0,12.689269,18.511967,-3.715801,0.183565,-0.8191703,1.8799378,0,3,8,22,183,93,Male
6566438458000.0,8.820239,19.029116,-2.0015526,-0.6068946,-1.348485,1.2366967,0,3,8,22,183,93,Male
6566448253000.0,5.7365074,14.5759,-2.1452048,-1.6646078,-1.7082846,0.9379836,0,3,8,22,183,93,Male
6566458688000.0,3.3518825,11.176133,-1.4748282,-0.5360342,-0.6844745,1.5763378,0,3,8,22,183,93,Male
6566468884000.0,1.388637,11.693281,-3.3518825,1.7699821,0.28405234,1.9263636,0,3,8,22,183,93,Male
6566479145000.0,-0.19153613,14.020445,-3.3135753,2.8973339,1.4202617,1.7479908,0,3,8,22,183,93,Male
6566490164000.0,-1.9728222,16.778566,-1.8291701,3.4917057,0.72112644,1.323745,0,3,8,22,183,93,Male
6566503542000.0,-3.3901896,18.157625,-3.9552212,2.503631,-0.82558435,0.5934556,0,3,8,22,183,93,Male
6566513612000.0,-4.012682,18.847157,-6.6079965,2.2834144,-0.46761733,0.38820487,0,3,8,22,183,93,Male
6566523531000.0,-4.4723687,18.732235,-7.2304893,3.4608572,1.2757921,0.84849185,0,3,8,22,183,93,Male
6566537799000.0,-7.843405,16.395493,2.585738,4.880813,3.6453383,1.6432275,0,3,8,22,183,93,Male
6566548288000.0,-7.6614456,14.164097,10.390836,4.1566324,3.551876,1.2431108,0,3,8,22,183,93,Male
6566562125000.0,-2.5953147,12.947843,11.166556,1.9068159,1.7974709,0.64812803,0,3,8,22,183,93,Male
6566572340000.0,3.6104562,13.330915,10.160992,1.3200798,0.8017606,1.1258247,0,3,8,22,183,93,Male
6566582414000.0,4.807557,12.401965,8.848969,0.81245077,-0.013744468,1.6264287,0,3,8,22,183,93,Male
6566592652000.0,2.3654714,10.658986,6.339846,0.44898596,-0.30176744,1.5974126,0,3,8,22,183,93,Male
6566604148000.0,-3.0262709,6.7803793,1.5131354,0.60048056,0.83016586,1.1133019,0,3,8,22,183,93,Male
6566613953000.0,-3.9264908,6.196194,1.6759412,0.64996064,1.5818355,1.1447614,0,3,8,22,183,93,Male
6566624788000.0,-5.0182467,5.803545,2.4229321,0.5342017,1.7171422,1.1615603,0,3,8,22,183,93,Male
6566636180000.0,-6.3111157,5.2385135,2.834735,0.44684792,1.4318681,0.82650065,0,3,8,22,183,93,Male
6566647802000.0,-6.081272,5.4683566,2.4516625,0.16523905,1.3396275,0.44684792,0,3,8,22,183,93,Male
6566658921000.0,-5.171476,4.9799395,1.5131354,0.040317107,1.1453724,0.25503623,0,3,8,22,183,93,Male
6566668300000.0,-3.2465374,4.55856,-0.22984336,0.06872234,1.16492,0.23609942,0,3,8,22,183,93,Male
6566678398000.0,-2.9113493,3.6870706,0.8810662,0.15241088,1.2302825,0.18509217,0,3,8,22,183,93,Male
6566688419000.0,-2.3942018,3.0933087,1.6950948,-0.002443461,0.8918633,-0.08460484,0,3,8,22,183,93,Male
6566698415000.0,-2.1164744,1.8195933,2.8634653,-0.3051272,0.57818395,-0.21044308,0,3,8,22,183,93,Male
6566712858000.0,-2.0590134,-0.8714894,3.41892,-0.8888089,0.14080444,-0.45356745,0,3,8,22,183,93,Male
6566722333000.0,-1.9728222,-1.6472107,2.4612393,-1.3750577,0.18142697,-0.6637051,0,3,8,22,183,93,Male
6566733478000.0,-1.2641385,-1.4556746,0.9959879,-1.8570304,0.40133846,-0.8585711,0,3,8,22,183,93,Male
6566743103000.0,0.10534488,-0.009576807,0.038307227,-2.2715025,0.36926803,-1.0140363,0,3,8,22,183,93,Male
6566753080000.0,1.3790601,1.8004397,-0.30645782,-2.593123,0.04520403,-1.1887437,0,3,8,22,183,93,Male
6566763499000.0,1.541866,5.851429,3.083732,-2.8447995,-0.23304509,-1.5247196,0,3,8,22,183,93,Male
6566773458000.0,1.043872,12.698846,0.34476504,-3.0204232,-0.3277292,-1.7504344,0,3,8,22,183,93,Male
6566788733000.0,1.292869,16.117765,0.45010993,-1.9950858,-0.7125743,-2.5592198,0,3,8,22,183,93,Male
6566798225000.0,2.4612393,17.832014,-0.8619126,-2.0076087,-0.45723262,-2.4984388,0,3,8,22,183,93,Male
6566813426000.0,6.349423,14.518439,-2.9113493,-1.2275337,2.0723603,-3.4058793,0,3,8,22,183,93,Male
6566822962000.0,9.643845,17.027563,1.5801731,-1.1074986,2.4966063,-3.5949419,0,3,8,22,183,93,Male
6566834226000.0,9.126697,18.282124,1.685518,-2.0995438,1.3866642,-2.3448062,0,3,8,22,183,93,Male
6566843867000.0,2.2697031,18.914194,6.4643445,-2.209805,0.087964594,-2.1731532,0,3,8,22,183,93,Male
6566854311000.0,-5.4683566,19.230228,9.174581,-2.5497515,-1.557401,-2.6309967,0,3,8,22,183,93,Male
6566865973000.0,-7.776367,19.383457,6.0621185,-2.6154196,-2.454762,-2.3900104,0,3,8,22,183,93,Male
6566879189000.0,-6.981492,19.460072,0.9768343,-1.9355265,-0.72418076,-1.5360206,0,3,8,22,183,93,Male
6566889021000.0,-5.631162,18.013973,-2.5378537,-1.3090842,0.44440445,-1.4172074,0,3,8,22,183,93,Male
6566898999000.0,-4.213795,16.22311,-2.480393,-0.9486737,0.31031954,-1.2559389,0,3,8,22,183,93,Male
6566911288000.0,-1.8004397,14.403518,0.6703765,-0.7849618,-0.52564955,-1.1301007,0,3,8,22,183,93,Male
6566920537000.0,-0.38307226,14.164097,1.5227122,-0.5842926,-1.3301591,-1.1163563,0,3,8,22,183,93,Male
6566933128000.0,1.733402,14.566323,1.3790601,-0.41355577,-2.1762075,-0.90194255,0,3,8,22,183,93,Male
6566943514000.0,3.8115692,14.269443,0.4213795,-0.22724187,-2.7354546,-0.41386122,0,3,8,22,183,93,Male
6566954808000.0,4.711789,13.01488,-0.45010993,0.09743301,-2.7693577,0.07727446,0,3,8,22,183,93,Male
6566967838000.0,4.721366,11.224017,-0.7565677,0.1600467,-2.5476136,0.20219639,0,3,8,22,183,93,Male
6566979488000.0,3.2944214,6.6175733,-0.21068975,-0.09040806,-2.473088,0.3811799,0,3,8,22,183,93,Male
6566992854000.0,2.566584,4.4819455,-0.076614454,-0.33200526,-2.3371704,0.67073005,0,3,8,22,183,93,Male
6567004692000.0,1.9057846,2.585738,-0.047884032,-0.28588495,-1.8481728,1.054048,0,3,8,22,183,93,Male
6567017963000.0,0.9672575,-0.08619126,-0.5554548,-0.040317107,-1.3603969,1.3185526,0,3,8,22,183,93,Male
6567029294000.0,0.62249243,-0.8810662,-1.5705963,0.35643986,-0.4896085,1.6670512,0,3,8,22,183,93,Male
6567039266000.0,0.2681506,-1.3790601,-2.72939,0.50701815,0.24801129,1.6053538,0,3,8,22,183,93,Male
6567052227000.0,0.10534488,-1.3982137,-3.3518825,0.5342017,0.77763146,1.4199562,0,3,8,22,183,93,Male
6567064400000.0,0.06703765,-1.3311762,-3.6774938,0.4831944,1.0977248,1.2366967,0,3,8,22,183,93,Male
6567073608000.0,-0.11492168,-1.0534488,-3.122039,0.4251622,1.1233811,1.0629056,0,3,8,22,183,93,Male
6567087745000.0,-0.58418524,-0.12449849,-2.3942018,0.32742378,0.57818395,0.782213,0,3,8,22,183,93,Male
6567098026000.0,-0.89064306,-0.30645782,-2.3080103,0.33292156,0.23273966,0.5647449,0,3,8,22,183,93,Male
6567108554000.0,-1.1300632,-0.8331822,-1.934515,0.42119157,0.076052725,0.2782491,0,3,8,22,183,93,Male
6567118009000.0,-1.5705963,-1.5131354,-1.4269443,0.6249151,0.1160644,0.025045475,0,3,8,22,183,93,Male
6567128692000.0,-3.0550013,-1.5514427,-0.16280572,0.7678576,2.107485,-0.35063666,0,3,8,22,183,93,Male
6567138840000.0,-3.4763808,-0.22026655,2.6144683,0.5519168,3.011871,-0.70952,0,3,8,22,183,93,Male
6567148621000.0,-1.733402,2.4899697,8.552089,0.51159966,3.0967813,-0.95203346,0,3,8,22,183,93,Male
6567161399000.0,0.5746084,3.3518825,6.751649,0.84849185,0.8509353,-1.4703526,0,3,8,22,183,93,Male
6567172351000.0,1.2066777,2.6240451,3.4572272,0.46089783,0.462425,-1.3845261,0,3,8,22,183,93,Male
6567183331000.0,1.8579005,2.9400797,0.8619126,0.20219639,0.6569856,-1.2617421,0,3,8,22,183,93,Male
6567193217000.0,3.86903,7.536947,-1.484405,0.046731193,1.2202033,-0.8029824,0,3,8,22,183,93,Male
6567204453000.0,9.184157,13.541605,-2.777274,-1.3384057,0.52839845,2.5372288,0,3,8,22,183,93,Male
6567214151000.0,13.589489,16.539145,-5.0278234,-2.36863,0.1255328,3.2717943,0,3,8,22,183,93,Male
6567224827000.0,6.799533,16.85518,-7.0006456,-1.8545868,0.24220806,1.0943651,0,3,8,22,183,93,Male
6567236588000.0,5.353435,15.562311,-1.13964,-0.0021380284,-2.6371052,0.49327368,0,3,8,22,183,93,Male
6567246311000.0,2.7485435,14.901511,-0.94810385,1.9755383,-5.846286,1.144456,0,3,8,22,183,93,Male
6567259277000.0,-0.05746084,16.184803,-4.5681367,3.6010506,-6.1782913,1.7153096,0,3,8,22,183,93,Male
6567269163000.0,-3.8115692,17.860744,-6.5026517,5.1578407,-0.6420194,2.2290473,0,3,8,22,183,93,Male
6567279408000.0,-6.7803793,17.832014,-4.146757,3.1606169,1.922393,1.5812247,0,3,8,22,183,93,Male
6567291114000.0,-8.341399,16.041151,-2.030283,1.8008307,3.1053336,0.59589905,0,3,8,22,183,93,Male
6567302377000.0,-7.785944,14.997279,0.17238252,1.5427402,3.179248,0.23976462,0,3,8,22,183,93,Male
6567312500000.0,-5.410896,14.279019,1.8291701,2.6068676,2.3484714,0.36835176,0,3,8,22,183,93,Male
6567323326000.0,-1.3024458,12.210428,6.081272,3.3206635,1.0216721,0.32345316,0,3,8,22,183,93,Male
6567336946000.0,1.1492168,12.832921,6.0525417,2.8319712,0.5479461,0.52595496,0,3,8,22,183,93,Male
6567347194000.0,3.074155,13.359646,7.201759,2.0271564,0.5540548,1.1936307,0,3,8,22,183,93,Male
6567357573000.0,2.8060043,12.545617,6.991069,1.3988814,-0.19150625,1.4804319,0,3,8,22,183,93,Male
6567367391000.0,1.091756,11.042058,5.2385135,0.6554584,-0.4642576,1.4141531,0,3,8,22,183,93,Male
6567378705000.0,-1.0055647,9.509769,3.9073372,0.5131268,-0.24373524,1.3200798,0,3,8,22,183,93,Male
6567388452000.0,-2.3463178,8.111555,2.719813,0.5873469,0.35430184,1.1911873,0,3,8,22,183,93,Male
6567398272000.0,-3.3997664,7.517793,3.1316159,0.6096435,1.1710287,1.0106765,0,3,8,22,183,93,Male
6567409123000.0,-4.1180267,6.5218053,4.0892963,0.0729984,1.5213599,0.7483099,0,3,8,22,183,93,Male
6567418441000.0,-4.7022123,4.8937483,4.10845,-0.093462385,1.4947872,0.6429357,0,3,8,22,183,93,Male
6567429384000.0,-4.9799395,4.548983,3.5434184,-0.45570546,1.2996159,0.21838433,0,3,8,22,183,93,Male
6567439470000.0,-4.721366,4.548983,2.7485435,-0.49418998,1.0317514,0.19730948,0,3,8,22,183,93,Male
6567449100000.0,-4.367024,3.9552212,1.6280571,-0.3707952,0.956615,0.11636983,0,3,8,22,183,93,Male
6567463625000.0,-3.2752678,2.7102363,0.7565677,-0.21410827,1.0256428,-0.14752395,0,3,8,22,183,93,Male
6567473801000.0,-2.72939,1.5131354,1.7046716,-0.29657507,0.51251596,-0.42363504,0,3,8,22,183,93,Male
6567488935000.0,-2.2122424,0.51714754,2.5378537,-0.5873469,-0.22785273,-0.659429,0,3,8,22,183,93,Male
6567499069000.0,-1.6184803,-0.37349546,2.2984335,-1.1972959,-0.569021,-0.89461213,0,3,8,22,183,93,Male
6567511700000.0,-1.043872,-1.0821792,1.2162545,-1.5454891,-0.6249151,-1.0867293,0,3,8,22,183,93,Male
6567521674000.0,-0.7469909,-0.31603462,0.63206923,-1.8164078,-0.46853364,-1.3753631,0,3,8,22,183,93,Male
6567532393000.0,-0.90979666,3.016694,3.9552212,-2.0442605,-0.28099802,-1.7302758,0,3,8,22,183,93,Male
6567542253000.0,0.51714754,10.860099,2.7581203,-2.4242187,-0.08032878,-1.9779817,0,3,8,22,183,93,Male
6567554044000.0,1.1492168,14.930242,1.1683705,-2.1282544,-1.7754798,-2.2052236,0,3,8,22,183,93,Male
6567563861000.0,1.2641385,15.849615,-0.5650316,-2.0934353,-1.0348058,-2.1453588,0,3,8,22,183,93,Male
6567573607000.0,2.231396,17.697939,-0.31603462,-1.9129245,-0.5742133,-2.3698518,0,3,8,22,183,93,Male
6567586641000.0,4.6830587,18.617311,-2.2122424,-1.3759739,0.5155703,-4.0329323,0,3,8,22,183,93,Male
6567596549000.0,9.500193,19.077,-9.059659,-0.99265605,3.5228598,-3.5821137,0,3,8,22,183,93,Male
6567608171000.0,9.595961,19.306843,2.920926,-0.7837401,3.3383787,-1.8099937,0,3,8,22,183,93,Male
6567617963000.0,4.9799395,19.421764,2.920926,-1.2669345,0.25625798,-1.6914859,0,3,8,22,183,93,Male
6567628875000.0,-8.283937,19.507956,8.236053,-1.9504927,-2.2495112,-2.291661,0,3,8,22,183,93,Male
6567638870000.0,-9.097966,19.52711,4.807557,-2.287385,-2.0821342,-1.5201381,0,3,8,22,183,93,Male
6567648337000.0,-9.155427,18.119318,2.480393,-2.1820107,-1.785559,-1.3979651,0,3,8,22,183,93,Male
6567664375000.0,-7.6710224,16.347609,0.25857377,-1.1478158,-1.4327844,-1.3888022,0,3,8,22,183,93,Male
6567674877000.0,-6.215348,15.227123,-0.94810385,-0.6252206,-1.536326,-1.5018122,0,3,8,22,183,93,Male
6567688212000.0,-2.2505496,15.064317,-1.9919758,-0.13255776,-1.6975945,-1.4395039,0,3,8,22,183,93,Male
6567698594000.0,0.1436521,15.150508,-1.7717092,0.24495697,-1.9065105,-1.2089024,0,3,8,22,183,93,Male
6567710427000.0,2.6240451,15.035586,-1.8195933,0.6078109,-2.4110851,-0.72204274,0,3,8,22,183,93,Male
6567725696000.0,4.8937483,14.279019,-2.585738,0.48716503,-2.4507914,-0.2003638,0,3,8,22,183,93,Male
6567737695000.0,6.301539,8.073248,-1.7812861,0.23518312,-2.2250767,-0.046731193,0,3,8,22,183,93,Male
6567748195000.0,6.0716953,4.9799395,-0.40222588,0.14446963,-2.1401663,0.09865474,0,3,8,22,183,93,Male
6567758879000.0,5.401319,2.6719291,0.29688102,0.19242255,-2.3958135,0.64965516,0,3,8,22,183,93,Male
6567768962000.0,4.4244847,0.9959879,0.11492168,0.3827071,-2.2855523,1.072374,0,3,8,22,183,93,Male
6567779600000.0,3.4763808,-0.17238252,-0.29688102,0.6462954,-1.7895297,1.4217888,0,3,8,22,183,93,Male
6567792821000.0,2.8538885,-0.78529817,-1.0055647,0.8940013,-1.1087204,1.6829338,0,3,8,22,183,93,Male
6567804406000.0,2.3654714,-1.043872,-1.6280571,1.0348058,-0.07452556,1.8723019,0,3,8,22,183,93,Male
6567814351000.0,1.9440918,-1.1013328,-1.982399,0.8866709,0.376293,1.8102992,0,3,8,22,183,93,Male
6567824961000.0,1.4460979,-1.2162545,-1.9919758,0.68844515,0.6169739,1.5787812,0,3,8,22,183,93,Male
6567837604000.0,0.545878,-1.0247183,-1.1683705,0.5491679,0.57543504,1.2669345,0,3,8,22,183,93,Male
6567848087000.0,-0.33518824,-1.2545617,-0.32561144,0.53878313,0.34391713,0.9957104,0,3,8,22,183,93,Male
6567859610000.0,-2.0685902,-2.0015526,1.1875241,0.5714644,0.25778514,0.53023106,0,3,8,22,183,93,Male
6567871962000.0,-3.3327289,-1.6950948,1.2258313,-0.11453723,0.79259765,-0.35735616,0,3,8,22,183,93,Male
6567882393000.0,-4.175488,-0.842759,0.6799533,-0.3399465,1.4227052,-0.7150178,0,3,8,22,183,93,Male
6567892482000.0,-4.0222588,0.47884035,0.05746084,-0.25167647,1.8500054,-0.8558222,0,3,8,22,183,93,Male
6567903625000.0,-2.777274,1.5993267,-0.9768343,-0.019242255,2.0018053,-0.8793405,0,3,8,22,183,93,Male
6567913476000.0,-0.842759,1.733402,-0.30645782,0.24281894,2.0693061,-0.9230174,0,3,8,22,183,93,Male
6567923293000.0,0.51714754,1.3599066,-0.4213795,0.7464773,1.8930714,-0.9575313,0,3,8,22,183,93,Male
6567938156000.0,1.1971009,1.6184803,0.02873042,1.1316279,1.382388,-1.0732902,0,3,8,22,183,93,Male
6567948126000.0,1.934515,3.265691,-0.5554548,1.4636332,1.3683381,-0.9819659,0,3,8,22,183,93,Male
6567961475000.0,6.0142345,11.405977,-0.94810385,1.525636,1.1695015,1.2544118,0,3,8,22,183,93,Male
6567964545000.0,12.77546,15.47612,-1.6089035,1.2198979,0.7519751,1.9834795,0,3,8,22,183,93,Male
6567981275000.0,13.953407,17.506403,-0.93852705,-0.57848936,-1.3775011,3.1923819,0,3,8,22,183,93,Male
6567993060000.0,7.7093296,17.54471,2.5570073,-2.591596,-2.803566,1.5790867,0,3,8,22,183,93,Male
6568004751000.0,4.10845,11.310209,0.22984336,-1.865277,-5.62332,1.5745052,0,3,8,22,183,93,Male
6568014723000.0,1.5227122,8.628703,-2.5474305,0.7696902,-5.644395,1.8625281,0,3,8,22,183,93,Male
6568028640000.0,-0.93852705,10.007763,-6.4643445,3.1670308,-4.375933,1.6264287,0,3,8,22,183,93,Male
6568039427000.0,-2.5761611,12.756307,-9.078813,4.925712,-0.6203337,1.1859949,0,3,8,22,183,93,Male
6568050387000.0,-4.654328,15.868769,-7.7189064,4.498106,0.82802784,0.7287622,0,3,8,22,183,93,Male
6568059893000.0,-5.6790466,17.640478,-6.1770406,2.7226264,1.822211,0.33261612,0,3,8,22,183,93,Male
6568070002000.0,-5.985504,18.588581,-6.3111157,2.3952026,3.83715,0.49541172,0,3,8,22,183,93,Male
6568085957000.0,-7.422025,15.648502,5.353435,4.4388523,3.2583551,0.82527894,0,3,8,22,183,93,Male
6568097910000.0,-5.7365074,13.177686,9.337387,4.146248,2.4333818,0.34300083,0,3,8,22,183,93,Male
6568107369000.0,-1.0055647,13.129802,11.080365,2.5937338,1.8219056,0.32650748,0,3,8,22,183,93,Male
6568117278000.0,5.5162406,13.9151,9.911995,1.4263704,0.929126,1.2339478,0,3,8,22,183,93,Male
6568127623000.0,5.793968,12.4785795,8.494628,0.9691377,0.23701571,1.6126842,0,3,8,22,183,93,Male
6568137321000.0,2.5091233,11.204864,5.803545,0.6536258,-0.464563,1.4187346,0,3,8,22,183,93,Male
6568147327000.0,-1.2066777,9.662998,2.2409728,0.64996064,0.40958515,1.1615603,0,3,8,22,183,93,Male
6568158179000.0,-3.3135753,9.442732,1.388637,0.784351,0.97158116,1.149343,0,3,8,22,183,93,Male
6568167827000.0,-6.0238113,8.341399,2.2026656,0.57848936,1.2592987,1.1123856,0,3,8,22,183,93,Male
6568178528000.0,-8.169016,7.0485296,2.815581,0.23151793,1.6884315,0.89369583,0,3,8,22,183,93,Male
6568188153000.0,-9.730036,5.8226986,4.4723687,-0.11881329,1.4330899,0.30451632,0,3,8,22,183,93,Male
6568198152000.0,-8.743625,5.056554,3.371036,-0.41599923,1.0613784,0.026267206,0,3,8,22,183,93,Male
6568213015000.0,-4.3478703,4.2904096,0.90979666,-0.33750305,0.8695667,-0.26206118,0,3,8,22,183,93,Male
6568223013000.0,-1.7046716,3.8402996,0.5746084,-0.1695151,0.7287622,-0.17928895,0,3,8,22,183,93,Male
6568233580000.0,-0.8331822,3.371036,1.4460979,-0.09987647,0.42241332,-0.28130344,0,3,8,22,183,93,Male
6568243343000.0,-0.842759,2.6048915,2.9975405,-0.14263703,-0.18295415,-0.5155703,0,3,8,22,183,93,Male
6568253793000.0,-1.4269443,1.2258313,3.7445314,-0.75900006,-0.77640975,-0.9056077,0,3,8,22,183,93,Male
6568266114000.0,-1.934515,-0.29688102,3.514688,-1.5076154,-0.76083267,-1.2205088,0,3,8,22,183,93,Male
6568279448000.0,-1.436521,-0.22984336,1.7142484,-2.1395555,-0.77579886,-1.7831156,0,3,8,22,183,93,Male
6568289155000.0,-0.39264908,1.3694834,1.292869,-2.3973405,-0.9114109,-2.0131063,0,3,8,22,183,93,Male
6568299176000.0,0.40222588,5.21936,2.3750482,-2.6322184,-0.86162543,-2.1523838,0,3,8,22,183,93,Male
6568312900000.0,1.436521,12.382812,2.1547816,-2.978579,-0.19639318,-2.204002,0,3,8,22,183,93,Male
6568322389000.0,2.815581,15.964537,-0.7469909,-2.63344,-0.23732115,-2.4058928,0,3,8,22,183,93,Male
6568332677000.0,3.8594532,14.068329,-3.122039,-2.2452352,0.30848694,-2.2525656,0,3,8,22,183,93,Male
6568342715000.0,4.1371803,12.861651,-2.3558946,-1.8325957,1.2455542,-2.2149973,0,3,8,22,183,93,Male
6568354010000.0,4.5394063,15.006856,-0.8619126,-1.6249015,1.1218541,-3.4303138,0,3,8,22,183,93,Male
6568364103000.0,7.1826053,17.27656,0.36391866,-2.0631974,1.1291844,-3.3579264,0,3,8,22,183,93,Male
6568373621000.0,8.236053,18.406622,2.0111294,-2.331978,0.979217,-2.9700267,0,3,8,22,183,93,Male
6568385401000.0,4.31914,18.971655,3.9552212,-2.717434,-1.566564,-2.3628268,0,3,8,22,183,93,Male
6568397435000.0,-6.0716953,19.40261,4.951209,-2.312125,-2.317928,-2.4578164,0,3,8,22,183,93,Male
6568409064000.0,-6.8186865,19.469648,3.6104562,-2.6639833,-1.7886134,-1.5228871,0,3,8,22,183,93,Male
6568418496000.0,-6.981492,18.243816,0.9864111,-2.5631905,-1.5482379,-1.4443909,0,3,8,22,183,93,Male
6568429095000.0,-6.090849,16.424223,-1.2641385,-2.0696115,-0.6188065,-1.6007724,0,3,8,22,183,93,Male
6568439151000.0,-4.8458643,15.8783455,-0.39264908,-1.3271047,-0.7733554,-1.6010778,0,3,8,22,183,93,Male
6568449020000.0,-3.514688,15.8304615,1.388637,-0.97249746,-1.7498235,-1.318858,0,3,8,22,183,93,Male
6568460321000.0,-1.6950948,15.466543,0.842759,-0.80970186,-2.410169,-1.0464121,0,3,8,22,183,93,Male
6568472283000.0,0.62249243,15.696386,0.5363012,-0.34605515,-2.8484647,-0.68630713,0,3,8,22,183,93,Male
6568482773000.0,3.074155,15.648502,-0.7278373,-0.021380283,-2.9657507,-0.061391957,0,3,8,22,183,93,Male
6568492366000.0,4.3957543,13.761871,-1.5514427,0.12644911,-2.734233,0.35063666,0,3,8,22,183,93,Male
6568503426000.0,4.9703627,10.860099,-1.8291701,0.046120327,-2.5870142,0.53023106,0,3,8,22,183,93,Male
6568513425000.0,4.596867,7.249643,-1.484405,0.035124753,-2.3958135,0.56138515,0,3,8,22,183,93,Male
6568522966000.0,3.620033,4.232949,-1.0726024,0.06536258,-2.3139575,0.7519751,0,3,8,22,183,93,Male
6568534092000.0,2.7581203,-0.15322891,-0.93852705,0.10598512,-1.636508,1.251052,0,3,8,22,183,93,Male
6568544143000.0,2.4612393,-1.2737153,-1.043872,0.226631,-1.1548407,1.5735888,0,3,8,22,183,93,Male
6568554359000.0,2.2409728,-1.9153614,-0.6799533,0.44776422,-0.6731735,1.7825048,0,3,8,22,183,93,Male
6568564546000.0,2.0207062,-1.9440918,-1.1492168,0.7122689,-0.39522982,1.8057177,0,3,8,22,183,93,Male
6568577365000.0,1.9728222,-1.6184803,-1.9440918,1.0042624,-0.108123146,1.7055358,0,3,8,22,183,93,Male
6568588201000.0,1.8962077,-1.2737153,-2.3463178,1.2690725,0.23945917,1.5473217,0,3,8,22,183,93,Male
6568598612000.0,1.5131354,-0.8331822,-2.7006595,1.3090842,0.473726,1.3921618,0,3,8,22,183,93,Male
6568611437000.0,0.79487497,-0.36391866,-3.016694,1.1102476,0.6618725,1.0167851,0,3,8,22,183,93,Male
6568625194000.0,0.038307227,0.6607997,-3.064578,1.0598512,0.79809546,0.6270532,0,3,8,22,183,93,Male
6568638907000.0,-0.08619126,0.7565677,-2.930503,0.9443977,0.981355,0.23609942,0,3,8,22,183,93,Male
6568649000000.0,-0.40222588,0.40222588,-2.4516625,0.89980453,1.2082914,-0.029321533,0,3,8,22,183,93,Male
6568663404000.0,-4.271256,3.2848446,4.2904096,0.27763826,4.3777657,-0.57971114,0,3,8,22,183,93,Male
6568672599000.0,-2.6048915,5.257667,7.881712,-0.3640757,4.4351873,-1.0619892,0,3,8,22,183,93,Male
6568682599000.0,-0.2873042,6.8282633,7.8050976,0.08093964,2.643214,-1.6584991,0,3,8,22,183,93,Male
6568692582000.0,0.5267244,5.659893,3.3901896,0.8491027,1.4999796,-1.8597792,0,3,8,22,183,93,Male
6568703043000.0,0.35434186,4.414908,1.9057846,0.8558222,1.0051788,-1.6936239,0,3,8,22,183,93,Male
6568713339000.0,0.16280572,4.9320555,0.11492168,0.600786,0.22968534,-1.6759088,0,3,8,22,183,93,Male
6568722898000.0,1.2258313,8.552089,-2.96881,0.679893,-0.106901415,-1.7012597,0,3,8,22,183,93,Male
6568733421000.0,3.916914,14.049175,-9.14585,0.4083634,0.65240407,-1.1942415,0,3,8,22,183,93,Male
6568743109000.0,5.401319,16.79772,-9.691729,0.20616703,2.7870727,0.6169739,0,3,8,22,183,93,Male
6568753807000.0,5.6982,18.061857,-9.931149,0.70188415,3.563788,2.2336287,0,3,8,22,183,93,Male
6568763665000.0,5.391742,18.799273,-3.0454245,0.36041048,1.6453656,2.5995371,0,3,8,22,183,93,Male
6568773784000.0,6.301539,19.172768,2.4037786,-0.0852157,-1.6612481,2.960253,0,3,8,22,183,93,Male
6568786305000.0,5.995081,19.354727,4.4244847,0.89919364,-3.9519928,2.4831672,0,3,8,22,183,93,Male
6568797084000.0,4.050989,19.450495,2.336741,1.1441506,-3.0775392,2.0088303,0,3,8,22,183,93,Male
6568808210000.0,1.532289,18.588581,0.1340753,1.1038336,-1.0980303,2.0277672,0,3,8,22,183,93,Male
6568817530000.0,-1.283292,15.600618,-3.514688,0.97219205,0.12522738,1.9935588,0,3,8,22,183,93,Male
6568829100000.0,-4.098873,12.430696,-4.2425256,1.4504995,1.353372,0.99387777,0,3,8,22,183,93,Male
6568839356000.0,-4.0701427,13.2351465,-4.1276035,1.8704693,1.0818423,0.8228355,0,3,8,22,183,93,Male
6568848697000.0,-3.7732618,13.9438305,-4.4723687,2.1679606,0.79901177,0.9114109,0,3,8,22,183,93,Male
6568866351000.0,-2.9879637,14.4130945,-3.821146,3.4373388,-0.5888741,1.1652255,0,3,8,22,183,93,Male
6568878438000.0,-1.1204864,14.192827,-3.074155,3.5665367,-0.5207626,1.1355985,0,3,8,22,183,93,Male
6568888956000.0,-0.9672575,13.781025,0.8523358,4.075082,0.7415904,1.0082331,0,3,8,22,183,93,Male
6568898467000.0,-0.2681506,14.298173,9.605537,4.1783185,0.95325524,1.0195341,0,3,8,22,183,93,Male
6568909941000.0,0.8619126,14.288596,11.147403,2.4514022,0.40439278,1.2907583,0,3,8,22,183,93,Male
6568920542000.0,1.6089035,13.934254,10.496181,1.4511104,0.7492262,1.5778649,0,3,8,22,183,93,Male
6568931203000.0,0.21068975,12.172121,9.931149,1.0274754,0.6704246,1.6132951,0,3,8,22,183,93,Male
6568943083000.0,-0.90979666,10.812215,7.2304893,0.36774087,0.9831876,1.4089607,0,3,8,22,183,93,Male
6568954357000.0,-1.9440918,8.341399,3.8115692,-0.110872045,2.0952678,1.3301591,0,3,8,22,183,93,Male
6568964622000.0,-3.6583402,6.694188,0.9959879,-0.040011674,2.1496348,1.2144,0,3,8,22,183,93,Male
6568974160000.0,-4.912902,5.9759274,0.5267244,0.084910266,1.8102992,1.2321151,0,3,8,22,183,93,Male
6568988977000.0,-7.9583263,5.7269306,2.9592333,-0.12003502,1.2996159,0.36285394,0,3,8,22,183,93,Male
6568998474000.0,-6.5122285,5.257667,1.8004397,-0.23609942,1.0852021,0.22907446,0,3,8,22,183,93,Male
6569009674000.0,-4.7788267,4.2999864,0.93852705,0.01282817,1.2568552,0.43157628,0,3,8,22,183,93,Male
6569021317000.0,-3.964798,3.1028855,1.9057846,0.042455133,1.1258247,0.22999077,0,3,8,22,183,93,Male
6569034388000.0,-3.1603463,1.7525556,2.6240451,-0.6249151,0.6933321,-0.13591751,0,3,8,22,183,93,Male
6569044368000.0,-2.6240451,0.17238252,3.1603463,-1.1297953,0.398895,-0.41630468,0,3,8,22,183,93,Male
6569054607000.0,-1.982399,-1.4556746,2.9783869,-1.6887369,0.1386664,-0.70432764,0,3,8,22,183,93,Male
6569066721000.0,-0.7757214,-2.1164744,1.5897499,-2.2840252,-0.19822577,-0.9896017,0,3,8,22,183,93,Male
6569077605000.0,-0.39264908,-1.5131354,0.6607997,-2.5659394,-0.48716503,-1.3503176,0,3,8,22,183,93,Male
6569087454000.0,0.20111294,-0.45010993,1.0630256,-2.7721064,-0.602924,-1.7733418,0,3,8,22,183,93,Male
6569097646000.0,1.2641385,6.033388,2.6719291,-3.0030136,-0.56321776,-2.1206186,0,3,8,22,183,93,Male
6569107234000.0,0.5746084,12.593501,0.5746084,-2.8399124,0.13347405,-2.4788911,0,3,8,22,183,93,Male
6569116891000.0,0.17238252,16.060305,-0.63206923,-2.284636,-0.47494772,-3.0735686,0,3,8,22,183,93,Male
6569127333000.0,0.38307226,17.803284,-1.0055647,-2.0604484,-0.65301496,-2.9379563,0,3,8,22,183,93,Male
6569137005000.0,1.4748282,17.985243,-2.7581203,-1.6505579,-0.2874121,-3.0381384,0,3,8,22,183,93,Male
6569147022000.0,4.6351743,18.760965,-3.7253778,-1.0861185,0.93828905,-4.0552287,0,3,8,22,183,93,Male
6569157746000.0,9.174581,19.153614,-5.90889,-0.94959,2.1499403,-4.4067817,0,3,8,22,183,93,Male
6569167508000.0,8.418014,19.34515,-0.7565677,-0.84329945,2.3087652,-3.1477885,0,3,8,22,183,93,Male
6569178660000.0,1.5035586,19.440918,6.742072,-0.48747048,-0.10629055,-2.0735822,0,3,8,22,183,93,Male
6569187753000.0,-7.651869,19.488802,9.77792,-1.258077,-2.9404,-2.6896396,0,3,8,22,183,93,Male
6569197774000.0,-10.103531,19.517532,6.6079965,-2.7324002,-2.8463266,-1.6349808,0,3,8,22,183,93,Male
6569208427000.0,-9.787497,19.258959,1.9536686,-2.879619,-2.0983222,-1.1765264,0,3,8,22,183,93,Male
6569218200000.0,-8.896853,16.950949,-0.1340753,-2.3096814,-1.6609426,-1.1065824,0,3,8,22,183,93,Male
6569229599000.0,-6.7229185,15.74427,-1.3694834,-1.1930199,-1.8961257,-1.2202033,0,3,8,22,183,93,Male
6569239440000.0,-4.3957543,14.566323,-2.2984335,-0.7489208,-2.0158553,-1.385137,0,3,8,22,183,93,Male
6569249160000.0,-1.7142484,13.972561,-2.719813,-0.26083946,-2.2785273,-1.5375478,0,3,8,22,183,93,Male
6569264163000.0,4.3861775,14.872781,-1.685518,0.19394971,-2.8179214,-1.1887437,0,3,8,22,183,93,Male
6569273589000.0,6.646304,13.962984,-2.432509,0.37659842,-3.0717359,-0.7641924,0,3,8,22,183,93,Male
6569288055000.0,7.0006456,10.97502,-2.6719291,0.27397305,-2.846632,-0.25442538,0,3,8,22,183,93,Male
6569298585000.0,6.742072,7.8529816,-2.3654714,0.04550946,-2.457511,0.034513887,0,3,8,22,183,93,Male
6569309706000.0,6.033388,5.3342814,-1.733402,-0.18753563,-2.1090124,0.5858198,0,3,8,22,183,93,Male
6569319850000.0,5.2289367,3.371036,-1.1492168,-0.18081611,-1.9117028,1.0485502,0,3,8,22,183,93,Male
6569330981000.0,3.466804,0.4213795,-0.20111294,-0.040927973,-1.7214183,1.4385877,0,3,8,22,183,93,Male
6569342841000.0,2.7964275,-0.22984336,-0.58418524,0.1255328,-1.632232,1.7397442,0,3,8,22,183,93,Male
6569354713000.0,2.3080103,-0.6512229,-1.8004397,0.56688297,-0.93126404,1.8512272,0,3,8,22,183,93,Male
6569364710000.0,2.0590134,-0.9864111,-2.8443117,0.98807454,-0.14294247,1.7968601,0,3,8,22,183,93,Male
6569377426000.0,1.4556746,-1.4077905,-2.72939,1.2412782,0.3494149,1.7214183,0,3,8,22,183,93,Male
6569388630000.0,0.6799533,-1.7525556,-2.3942018,1.2425,0.5204572,1.541213,0,3,8,22,183,93,Male
6569398145000.0,-0.1436521,-1.7525556,-2.1452048,1.1859949,0.50610185,1.2819008,0,3,8,22,183,93,Male
6569409353000.0,-0.7374141,-1.436521,-2.0207062,1.1991285,0.6230826,0.96577793,0,3,8,22,183,93,Male
6569419053000.0,-1.0821792,-1.1204864,-1.8770541,1.3310753,0.8698721,0.75747293,0,3,8,22,183,93,Male
6569429607000.0,-4.817134,-0.41180268,1.2545617,1.2867876,3.451694,0.2843578,0,3,8,22,183,93,Male
6569439543000.0,-4.711789,0.9959879,3.2082303,0.6169739,3.8881574,-0.10476339,0,3,8,22,183,93,Male
6569453018000.0,-3.4763808,1.3790601,3.1603463,0.5525276,2.2638667,-0.3817908,0,3,8,22,183,93,Male
6569464128000.0,-2.0494366,1.8483237,3.0358477,0.6881397,0.9691377,-0.87781334,0,3,8,22,183,93,Male
6569473574000.0,-0.51714754,2.6144683,3.9743748,1.0323622,0.16065755,-1.1508701,0,3,8,22,183,93,Male
6569484790000.0,1.1204864,2.815581,1.0726024,1.6197093,-0.6404922,-1.7244726,0,3,8,22,183,93,Male
6569495765000.0,1.7812861,3.9552212,-0.31603462,1.361924,0.3390302,-1.74738,0,3,8,22,183,93,Male
6569506659000.0,2.1260512,6.7612257,-0.8331822,1.2315043,0.99387777,-1.7421877,0,3,8,22,183,93,Male
6569517482000.0,3.6966474,13.148955,-2.2026656,0.90010995,1.391551,-1.4862351,0,3,8,22,183,93,Male
6569528624000.0,7.1155677,17.946936,-3.9839516,0.24098633,1.4450017,-0.45020768,0,3,8,22,183,93,Male
6569538086000.0,6.5505357,18.741812,-3.1890767,-0.6056729,1.6511687,0.95356065,0,3,8,22,183,93,Male
6569548365000.0,5.6215854,18.32043,-0.5554548,-1.1166617,1.3600914,1.7116444,0,3,8,22,183,93,Male
6569558177000.0,2.9017725,14.393941,1.8100165,-1.6584991,-0.14905111,1.750129,0,3,8,22,183,93,Male
6569568754000.0,0.36391866,10.486604,2.0590134,-0.6441574,-3.3615913,1.7217237,0,3,8,22,183,93,Male
6569580214000.0,-0.1340753,10.103531,-0.8331822,0.81061816,-4.068057,1.4431691,0,3,8,22,183,93,Male
6569589997000.0,0.31603462,14.824897,-5.841852,1.7977765,-3.173445,1.0213667,0,3,8,22,183,93,Male
6569603081000.0,0.047884032,17.180792,-9.030929,2.1294763,-2.2223277,1.1591167,0,3,8,22,183,93,Male
6569613441000.0,-1.283292,18.042704,-8.169016,2.4929411,-1.1557571,1.210124,0,3,8,22,183,93,Male
6569622974000.0,-2.2505496,15.840038,-6.435614,2.685669,-0.1957823,1.0045679,0,3,8,22,183,93,Male
6569633666000.0,-3.1507695,13.742718,-4.6926355,2.9999592,0.63499445,0.7690793,0,3,8,22,183,93,Male
6569643954000.0,-3.371036,13.532028,-3.4859576,3.4965928,1.3133603,0.8436049,0,3,8,22,183,93,Male
6569654492000.0,-2.5570073,13.512875,-1.7046716,3.7873645,1.3988814,0.8060367,0,3,8,22,183,93,Male
6569665087000.0,-1.1587936,12.794614,1.3215994,3.6306777,1.0173961,0.45845437,0,3,8,22,183,93,Male
6569677768000.0,0.8619126,12.449849,4.098873,2.987742,0.9776898,0.46089783,0,3,8,22,183,93,Male
6569687625000.0,5.0278234,15.255854,9.471462,2.2708917,1.0161743,0.8790351,0,3,8,22,183,93,Male
6569697619000.0,4.5777135,15.26543,10.065224,1.7314975,0.43982297,1.2394456,0,3,8,22,183,93,Male
6569708962000.0,2.3080103,13.608643,7.565677,0.93645644,0.21930063,1.6264287,0,3,8,22,183,93,Male
6569718352000.0,-0.076614454,11.932701,4.7979803,0.5867361,0.59956425,1.564426,0,3,8,22,183,93,Male
6569729912000.0,-2.1068976,10.103531,2.7006595,-0.105068825,1.5690074,1.2925909,0,3,8,22,183,93,Male
6569742073000.0,-3.6966474,8.42759,2.1452048,-0.17562376,1.707063,1.0873401,0,3,8,22,183,93,Male
6569754632000.0,-6.5601125,5.315128,1.5897499,-0.12034045,2.0280726,0.66675943,0,3,8,22,183,93,Male
6569764398000.0,-7.6710224,5.2002063,3.2752678,0.043066,1.9804251,0.21563543,0,3,8,22,183,93,Male
6569774495000.0,-7.97748,5.056554,3.8402996,-0.124311075,1.6462818,-0.21746802,0,3,8,22,183,93,Male
6569789241000.0,-6.349423,4.9320555,2.930503,-0.3286455,1.3753631,-0.3567453,0,3,8,22,183,93,Male
6569799482000.0,-4.0797195,4.5777135,2.030283,-0.41905355,1.0589349,-0.25595254,0,3,8,22,183,93,Male
6569811963000.0,-1.4652514,3.7732618,0.9768343,-0.627664,0.82924956,-0.027488936,0,3,8,22,183,93,Male
6569822235000.0,-0.78529817,2.4612393,1.8291701,-0.95081174,0.6356053,-0.06627888,0,3,8,22,183,93,Male
6569832787000.0,0.019153614,-0.22026655,1.8674773,-1.4752395,0.5983425,-0.22724187,0,3,8,22,183,93,Male
6569842497000.0,0.019153614,-0.22026655,1.8674773,-1.9624046,0.68416905,-0.3915646,0,3,8,22,183,93,Male
6569854317000.0,0.019153614,-0.22984336,0.6799533,-2.3741279,0.44043383,-0.96974856,0,3,8,22,183,93,Male
6569865192000.0,0.22026655,0.51714754,1.6567876,-2.8166997,0.31978795,-1.4752395,0,3,8,22,183,93,Male
6569879523000.0,0.5267244,4.606444,5.48751,-3.3573153,0.5018258,-2.2101104,0,3,8,22,183,93,Male
6569889246000.0,1.4556746,12.076353,2.681506,-2.438574,-0.18051068,-2.7339275,0,3,8,22,183,93,Male
6569899336000.0,0.90021986,14.709975,0.33518824,-1.9440787,-0.53969944,-3.0140092,0,3,8,22,183,93,Male
6569913613000.0,0.4309563,17.03714,-1.5035586,-1.6917913,0.015882496,-3.1975741,0,3,8,22,183,93,Male
6569923195000.0,1.9632454,17.96609,-2.3654714,-1.6194037,0.7974846,-3.902818,0,3,8,22,183,93,Male
6569934447000.0,4.1659107,18.751389,-3.1411927,-1.6236799,2.552195,-4.1410556,0,3,8,22,183,93,Male
6569944120000.0,5.410896,19.144037,-1.0151415,-0.7293731,3.0769281,-2.9987376,0,3,8,22,183,93,Male
6569954292000.0,3.0358477,19.34515,4.3766007,-0.45906523,1.1114693,-2.8625145,0,3,8,22,183,93,Male
6569964619000.0,-3.0071173,19.440918,9.557653,-0.6976081,-0.89369583,-3.1352658,0,3,8,22,183,93,Male
6569974509000.0,-5.48751,19.488802,8.561666,-1.6371188,-1.8329011,-2.062892,0,3,8,22,183,93,Male
6569987581000.0,-5.3821654,19.517532,3.9935284,-1.8964312,-1.1068878,-1.4871514,0,3,8,22,183,93,Male
6569998002000.0,-4.999093,18.971655,1.9632454,-1.7690657,-0.43218717,-1.3377949,0,3,8,22,183,93,Male
6570008945000.0,-4.4723687,17.180792,1.1013328,-1.4999796,-0.870483,-1.3701707,0,3,8,22,183,93,Male
6570018568000.0,-4.1180267,15.370775,0.7086837,-1.2999213,-1.1838568,-1.4514158,0,3,8,22,183,93,Male
6570029703000.0,-2.1547816,13.340492,1.0630256,-0.63163465,-2.3359487,-1.3298537,0,3,8,22,183,93,Male
6570039488000.0,-0.60333884,13.072341,0.8714894,-0.4550946,-3.1450398,-1.1102476,0,3,8,22,183,93,Male
6570053260000.0,0.94810385,12.74673,-0.22026655,-0.45265114,-3.9953642,-0.66431594,0,3,8,22,183,93,Male
6570063571000.0,2.6431987,11.731588,-1.685518,-0.5103779,-4.1431937,-0.0888809,0,3,8,22,183,93,Male
6570073723000.0,3.3518825,9.136273,-2.5187001,-0.48899764,-3.6065483,0.46578476,0,3,8,22,183,93,Male
6570086569000.0,3.821146,6.38773,-2.873042,-0.3930918,-3.2693508,0.6963864,0,3,8,22,183,93,Male
6570096563000.0,3.9743748,3.964798,-2.8921957,-0.3399465,-2.7638597,1.0644327,0,3,8,22,183,93,Male
6570107598000.0,3.6583402,1.7621324,-2.9017725,-0.35460728,-2.1881194,1.4611896,0,3,8,22,183,93,Male
6570117615000.0,3.5242648,0.076614454,-2.6910827,-0.21319197,-1.4315627,1.7660115,0,3,8,22,183,93,Male
6570129825000.0,2.9017725,-1.4556746,-2.0111294,0.18936823,-0.39920044,1.9236146,0,3,8,22,183,93,Male
6570139762000.0,3.0071173,-1.388637,-1.4173675,0.60231316,0.036957346,1.9840903,0,3,8,22,183,93,Male
6570152732000.0,3.1507695,-0.9576807,-0.47884035,1.0177015,0.2855795,2.062892,0,3,8,22,183,93,Male
6570162290000.0,3.1411927,-0.4405331,0.009576807,1.3041973,0.39370266,2.053729,0,3,8,22,183,93,Male
6570172264000.0,2.7868507,0.16280572,0.6607997,1.4236214,0.35521814,1.9043725,0,3,8,22,183,93,Male
6570182917000.0,1.8195933,0.91937345,0.94810385,1.4217888,0.14263703,1.6872098,0,3,8,22,183,93,Male
6570192478000.0,-0.4213795,1.4077905,0.6895301,1.3842206,0.16157386,1.4468343,0,3,8,22,183,93,Male
6570203761000.0,-4.5394063,2.6048915,-0.08619126,1.1484267,1.2999213,0.76052725,0,3,8,22,183,93,Male
6570213660000.0,-6.694188,5.401319,-1.6089035,0.6835582,2.6532931,-0.18051068,0,3,8,22,183,93,Male
6570223177000.0,-6.8282633,7.824251,-0.8810662,0.9147707,2.8814514,-0.7067711,0,3,8,22,183,93,Male
6570234125000.0,-6.38773,8.341399,0.2777274,1.1484267,2.4486532,-1.1456778,0,3,8,22,183,93,Male
6570243768000.0,-5.48751,9.126697,2.8538885,1.0940597,2.6007588,-1.7498235,0,3,8,22,183,93,Male
6570254894000.0,-1.6567876,8.963891,2.336741,0.7663304,1.7146988,-2.1771238,0,3,8,22,183,93,Male
6570267470000.0,2.7102363,7.2592196,1.7717092,0.42424592,0.86926126,-2.2956316,0,3,8,22,183,93,Male
6570279120000.0,3.964798,8.255207,0.6703765,-0.054061573,1.4798211,-2.002111,0,3,8,22,183,93,Male
6570288849000.0,6.3302693,12.210428,-0.62249243,-0.5021312,1.6102408,-1.2837334,0,3,8,22,183,93,Male
6570298376000.0,8.944737,14.623784,-0.33518824,-0.7348709,1.4153748,-0.5543602,0,3,8,22,183,93,Male
6570312464000.0,10.793061,12.555194,-9.931149,-0.4352415,1.1582005,1.3222178,0,3,8,22,183,93,Male
6570322277000.0,8.025364,13.9438305,-3.3135753,1.3542882,-0.33505958,1.9425515,0,3,8,22,183,93,Male
6570333108000.0,6.291962,16.74026,1.1109096,1.4398094,-2.85946,3.1016684,0,3,8,22,183,93,Male
6570342702000.0,5.0278234,18.138472,1.388637,1.2837334,-3.2754595,3.7131443,0,3,8,22,183,93,Male
6570353569000.0,3.9360676,18.83758,0.82360536,1.2666291,-0.9605856,3.2064316,0,3,8,22,183,93,Male
6570363254000.0,1.484405,19.191921,1.6759412,0.2171626,-0.8176431,2.4507914,0,3,8,22,183,93,Male
6570373262000.0,-2.7581203,17.496826,-2.4037786,-0.6658431,-0.310625,1.7898352,0,3,8,22,183,93,Male
6570384368000.0,-5.4683566,12.152967,-4.357447,0.14935656,0.3268129,1.0048733,0,3,8,22,183,93,Male
6570394152000.0,-4.951209,10.716447,-3.6008794,1.3613132,-0.122478485,0.84971356,0,3,8,22,183,93,Male
6570404991000.0,-3.6296098,11.415554,-3.8115692,2.3548856,-0.9007208,0.8414669,0,3,8,22,183,93,Male
6570418311000.0,-2.336741,12.765883,-3.8019924,2.8341093,-1.1404854,0.7806858,0,3,8,22,183,93,Male
6570429665000.0,-1.0342951,13.340492,-4.817134,2.946814,-0.4129449,0.75808376,0,3,8,22,183,93,Male
6570439789000.0,-0.17238252,13.589489,-5.1523223,3.111442,0.50579643,0.7797695,0,3,8,22,183,93,Male
6570453868000.0,1.0342951,14.930242,0.095768064,3.7003162,0.9147707,0.75136423,0,3,8,22,183,93,Male
6570464675000.0,0.5650316,15.524004,7.335834,3.9968913,0.97097033,0.7510588,0,3,8,22,183,93,Male
6570474581000.0,-0.51714754,15.313314,12.306197,2.9394836,1.0546589,0.88361657,0,3,8,22,183,93,Male
6570487226000.0,-0.1436521,14.020445,10.218452,1.6762142,1.0409144,1.1053606,0,3,8,22,183,93,Male
6570496895000.0,0.08619126,12.813767,9.203311,1.1133019,0.93584555,1.4935656,0,3,8,22,183,93,Male
6570507830000.0,-0.8523358,10.955867,7.5082164,1.031446,1.0574077,1.5045611,0,3,8,22,183,93,Male
6570517382000.0,-2.0111294,9.021352,5.650316,0.5320636,1.806634,1.3090842,0,3,8,22,183,93,Male
6570529343000.0,-2.7868507,7.699753,4.1946416,-0.2828306,1.8527542,0.97341377,0,3,8,22,183,93,Male
6570539741000.0,-3.7828386,6.2632318,2.135628,-0.3652974,1.7528778,0.8741482,0,3,8,22,183,93,Male
6570549219000.0,-5.315128,5.90889,2.3558946,-0.09590584,1.5225816,0.5360342,0,3,8,22,183,93,Male
6570562302000.0,-5.851429,5.793968,1.9536686,-0.26450464,1.6899587,0.28252518,0,3,8,22,183,93,Male
6570572469000.0,-4.673482,5.171476,1.3694834,-0.14263703,1.5653422,0.42638394,0,3,8,22,183,93,Male
6570583572000.0,-4.1180267,3.964798,2.0494366,0.040011674,1.3182472,0.364992,0,3,8,22,183,93,Male
6570593078000.0,-3.1890767,2.681506,2.4420857,-0.01863139,0.93828905,-0.015882496,0,3,8,22,183,93,Male
6570604128000.0,-2.6240451,1.2737153,2.6623523,-0.75869465,0.24801129,-0.42363504,0,3,8,22,183,93,Male
6570613983000.0,-2.078167,0.18195933,1.8674773,-1.2513574,0.016798794,-0.5873469,0,3,8,22,183,93,Male
6570623375000.0,-1.6376339,-0.50757074,0.6799533,-1.4410311,0.06719518,-0.6441574,0,3,8,22,183,93,Male
6570633604000.0,-1.3982137,-0.7182605,-0.5650316,-1.7244726,0.032375857,-0.82344633,0,3,8,22,183,93,Male
6570644033000.0,-1.3215994,-0.31603462,-0.91937345,-1.9242256,-0.22510384,-1.3793337,0,3,8,22,183,93,Male
6570654315000.0,-1.6089035,0.6607997,2.183512,-2.0595322,-0.63163465,-1.8325957,0,3,8,22,183,93,Male
6570664858000.0,-3.2369606,9.998186,1.4173675,-2.547308,-0.07147124,-2.377793,0,3,8,22,183,93,Male
6570674312000.0,-1.5801731,14.767436,-0.41180268,-1.9996674,-0.6178902,-2.6297748,0,3,8,22,183,93,Male
6570693755000.0,0.45968673,18.349161,-0.18195933,-1.5662584,0.10323623,-2.7510316,0,3,8,22,183,93,Male
6570703405000.0,3.3518825,18.942924,-1.1587936,-1.4016303,0.3555236,-2.996294,0,3,8,22,183,93,Male
6570713046000.0,5.899313,16.85518,-3.7253778,-1.131017,1.473407,-3.4550538,0,3,8,22,183,93,Male
6570723083000.0,9.969456,18.195932,-3.8594532,-0.6612616,3.2672129,-3.5671475,0,3,8,22,183,93,Male
6570733211000.0,9.643845,18.86631,3.6870706,-0.49449542,2.6087,-2.598926,0,3,8,22,183,93,Male
6570743273000.0,0.5746084,19.201498,8.935161,-0.69027776,0.84513205,-2.3845124,0,3,8,22,183,93,Male
6570754515000.0,-7.201759,19.37388,9.586384,-1.2678508,-1.749518,-3.2351422,0,3,8,22,183,93,Male
6570764011000.0,-9.385271,19.460072,5.3247046,-1.6450601,-1.2357804,-2.3069327,0,3,8,22,183,93,Male
6570774002000.0,-8.676587,19.498379,1.1587936,-1.4413365,-0.34513888,-1.9416351,0,3,8,22,183,93,Male
6570787002000.0,-7.0485296,18.713081,-0.2681506,-1.1435398,-0.30818152,-1.5769486,0,3,8,22,183,93,Male
6570797169000.0,-5.2002063,16.692375,-0.59376204,-0.97249746,-0.6197228,-1.4688255,0,3,8,22,183,93,Male
6570807020000.0,-3.6583402,14.824897,-0.2777274,-0.8741482,-1.097114,-1.4095715,0,3,8,22,183,93,Male
6570817261000.0,-1.4652514,13.177686,1.0151415,-0.56688297,-2.0308216,-1.4117095,0,3,8,22,183,93,Male
6570829724000.0,0.16280572,13.704411,0.30645782,-0.39003745,-3.3844988,-1.0677924,0,3,8,22,183,93,Male
6570839565000.0,2.4708161,13.512875,-1.7429788,-0.61575216,-3.333797,-0.6059783,0,3,8,22,183,93,Male
6570849034000.0,4.271256,11.693281,-3.2752678,-0.75716746,-2.8893926,-0.25686884,0,3,8,22,183,93,Male
6570864899000.0,5.2002063,8.66701,-3.7828386,-0.6261369,-2.6032023,0.047647487,0,3,8,22,183,93,Male
6570874765000.0,5.707777,5.554548,-3.4955344,-0.50426924,-2.4874432,0.2593123,0,3,8,22,183,93,Male
6570887339000.0,5.094861,1.0342951,-2.4037786,-0.33200526,-2.5937338,0.6771441,0,3,8,22,183,93,Male
6570897116000.0,4.185065,-0.4405331,-2.2409728,-0.15668693,-2.4782803,1.1114693,0,3,8,22,183,93,Male
6570907730000.0,3.3614593,-1.283292,-2.6048915,0.18875736,-1.9184223,1.4770721,0,3,8,22,183,93,Male
6570917452000.0,2.834735,-1.2258313,-2.6623523,0.59315014,-0.9831876,1.7235563,0,3,8,22,183,93,Male
6570928365000.0,2.4420857,-0.9959879,-2.4133554,0.9468411,-0.160963,1.8729129,0,3,8,22,183,93,Male
6570938635000.0,2.087744,-0.93852705,-2.5091233,1.1291844,0.3210097,1.9318613,0,3,8,22,183,93,Male
6570948474000.0,1.7238252,-1.1587936,-2.432509,1.1435398,0.68691796,1.8020525,0,3,8,22,183,93,Male
6570958679000.0,1.4269443,-1.3694834,-2.0398598,1.0458013,0.82619524,1.430341,0,3,8,22,183,93,Male
6570969017000.0,0.9672575,-1.1875241,-1.532289,1.022283,0.6044512,0.92271197,0,3,8,22,183,93,Male
6570979598000.0,0.19153613,-1.2354081,-0.31603462,1.1621711,0.41141775,0.59956425,0,3,8,22,183,93,Male
6570989218000.0,-5.257667,-1.6472107,4.280833,0.6068946,2.2088888,-0.37415496,0,3,8,22,183,93,Male
6570999095000.0,-6.588843,2.3654714,4.3382936,-0.40103304,2.5518897,-0.9111055,0,3,8,22,183,93,Male
6571013342000.0,-4.7979803,5.497087,1.7621324,-0.07391469,1.8988746,-0.8436049,0,3,8,22,183,93,Male
6571023163000.0,-2.920926,6.301539,-0.2777274,0.27580565,1.457219,-0.82436264,0,3,8,22,183,93,Male
6571034768000.0,1.283292,7.699753,2.3750482,1.1569787,0.5122105,-1.169807,0,3,8,22,183,93,Male
6571044539000.0,2.9400797,6.3206925,0.93852705,1.2651019,0.5897904,-1.6279559,0,3,8,22,183,93,Male
6571055451000.0,3.572149,5.7843914,0.16280572,0.46609017,1.7880026,-1.8032742,0,3,8,22,183,93,Male
6571067790000.0,4.6830587,7.73806,-0.9576807,-0.2657264,2.6111436,-1.8380935,0,3,8,22,183,93,Male
6571078813000.0,7.038953,13.637373,-2.6240451,-0.70646566,3.1483996,-1.3255776,0,3,8,22,183,93,Male
6571088052000.0,8.791509,16.587029,-3.4859576,-0.9334021,2.7424796,0.3866777,0,3,8,22,183,93,Male
6571098883000.0,8.801085,18.033127,-3.7062242,-0.54000485,1.6444492,2.1019874,0,3,8,22,183,93,Male
6571112972000.0,5.6886234,18.349161,3.4955344,-0.007941248,0.07544186,2.6795604,0,3,8,22,183,93,Male
6571123172000.0,4.098873,18.942924,4.9799395,0.62858033,-4.139834,4.0201044,0,3,8,22,183,93,Male
6571134083000.0,0.91937345,19.239805,1.1109096,1.2635747,-6.732957,4.272086,0,3,8,22,183,93,Male
6571143636000.0,-3.5529952,18.119318,-5.3438582,1.7739527,-5.750685,3.5802813,0,3,8,22,183,93,Male
6571154028000.0,-5.391742,17.420212,-7.7572136,1.8417587,-1.2620476,0.97066486,0,3,8,22,183,93,Male
6571164191000.0,-6.1195793,16.050728,-7.422025,1.5699236,0.79443026,0.7696902,0,3,8,22,183,93,Male
6571173992000.0,-5.803545,13.8480625,-4.817134,1.4865406,2.331978,0.9868528,0,3,8,22,183,93,Male
6571185324000.0,-5.4300494,11.243171,-0.62249243,1.8167132,1.8377881,1.0760391,0,3,8,22,183,93,Male
6571197754000.0,-4.060566,10.965444,0.842759,2.5341744,0.015577064,0.77304995,0,3,8,22,183,93,Male
6571208078000.0,-1.9919758,11.693281,-0.79487497,3.0130928,-1.0598512,0.70096785,0,3,8,22,183,93,Male
6571217637000.0,0.49799395,13.081918,-3.1794999,3.35365,-0.5207626,0.7266242,0,3,8,22,183,93,Male
6571229874000.0,2.767697,15.389929,-1.340753,3.4287865,0.76052725,1.0274754,0,3,8,22,183,93,Male
6571239624000.0,3.5625722,16.82645,3.7445314,2.6028967,1.208597,1.3429873,0,3,8,22,183,93,Male
6571253373000.0,-0.50757074,13.627796,9.069236,1.5210545,0.59773165,1.3857478,0,3,8,22,183,93,Male
6571265282000.0,-1.9919758,11.310209,6.579266,1.1386528,0.32620203,1.3881912,0,3,8,22,183,93,Male
6571278391000.0,-2.7006595,9.873688,4.76925,1.0873401,0.59498274,1.1972959,0,3,8,22,183,93,Male
6571288662000.0,-2.0973208,8.772355,3.5051112,0.8875872,1.0170907,1.0714576,0,3,8,22,183,93,Male
6571298431000.0,-1.8100165,7.565677,3.8786068,0.72784597,1.2070698,1.0366384,0,3,8,22,183,93,Male
6571308573000.0,-1.7142484,6.2823853,3.7828386,0.39187005,1.1447614,1.0348058,0,3,8,22,183,93,Male
6571318742000.0,-2.873042,5.2385135,4.1659107,0.0870483,0.57543504,0.68477994,0,3,8,22,183,93,Male
6571329380000.0,-5.4204726,3.964798,3.2369606,-0.0009162979,0.5152648,0.42149702,0,3,8,22,183,93,Male
6571340251000.0,-5.3438582,3.763685,2.6910827,0.027794369,0.50579643,0.34238997,0,3,8,22,183,93,Male
6571353256000.0,-4.7309427,3.6008794,1.7525556,0.18051068,0.74189585,0.40378192,0,3,8,22,183,93,Male
6571363933000.0,-3.7445314,3.083732,1.1971009,0.07849618,0.8362745,0.27122417,0,3,8,22,183,93,Male
6571373420000.0,-2.9592333,1.9440918,1.6089035,-0.07422013,0.66859204,0.16126843,0,3,8,22,183,93,Male
6571383618000.0,-2.5474305,0.49799395,2.1068976,-0.43676865,0.17623462,-0.09315695,0,3,8,22,183,93,Male
6571393681000.0,-2.2505496,-0.9864111,1.5514427,-1.1136073,-0.10903945,-0.4605924,0,3,8,22,183,93,Male
6571404677000.0,-2.3175871,-1.9440918,0.6991069,-1.5625933,0.08674286,-0.70157874,0,3,8,22,183,93,Male
6571414543000.0,-2.2601264,-1.388637,-0.5267244,-2.0857995,0.19120082,-0.9825767,0,3,8,22,183,93,Male
6571424156000.0,-1.8195933,0.18195933,-1.2545617,-2.5476136,0.10842858,-1.3637567,0,3,8,22,183,93,Male
6571434884000.0,-1.4748282,1.283292,1.7142484,-2.8472428,-0.16126843,-1.7235563,0,3,8,22,183,93,Male
6571445593000.0,-2.327164,10.409989,0.35434186,-2.6755898,0.49449542,-2.4932466,0,3,8,22,183,93,Male
6571456093000.0,-1.685518,14.978126,-0.29688102,-1.9688187,-0.4071417,-2.9410107,0,3,8,22,183,93,Male
6571467596000.0,3.217807,18.397045,-1.7908629,-1.8078557,-0.59315014,-2.6398542,0,3,8,22,183,93,Male
6571479434000.0,6.531382,16.146496,-3.323152,-1.3026701,1.4132367,-3.1942143,0,3,8,22,183,93,Male
6571489746000.0,8.226477,13.493721,-1.4077905,-0.88331115,2.5219572,-3.9095376,0,3,8,22,183,93,Male
6571499891000.0,9.969456,16.51999,2.0973208,-0.9957104,2.2629502,-3.2708778,0,3,8,22,183,93,Male
6571512283000.0,9.021352,18.033127,3.715801,-1.4709635,1.5766432,-2.6933048,0,3,8,22,183,93,Male
6571521922000.0,4.5681367,18.789696,7.5848308,-1.6612481,0.63713247,-2.4871378,0,3,8,22,183,93,Male
6571532730000.0,-2.72939,19.16319,8.628703,-2.194228,-0.9578367,-2.5677722,0,3,8,22,183,93,Male
6571542567000.0,-7.8912888,19.354727,4.3766007,-1.8008307,-0.9221011,-2.6548204,0,3,8,22,183,93,Male
6571553984000.0,-7.297527,19.450495,-0.6607997,-1.144456,0.37048978,-2.2397375,0,3,8,22,183,93,Male
6571563834000.0,-5.5162406,18.26297,-0.90021986,-0.61361414,1.2030991,-1.6633861,0,3,8,22,183,93,Male
6571573343000.0,-3.7924154,16.654066,0.076614454,-0.51343226,0.93279123,-1.5476271,0,3,8,22,183,93,Male
6571584128000.0,-2.4516625,15.255854,1.0534488,-0.43279803,-0.28985557,-1.4825699,0,3,8,22,183,93,Male
6571594184000.0,-1.0247183,14.671668,1.436521,-0.30115658,-1.0558805,-1.2641857,0,3,8,22,183,93,Male
6571604995000.0,0.5267244,14.240712,1.5897499,-0.106901415,-1.6609426,-0.87995136,0,3,8,22,183,93,Male
6571617228000.0,2.873042,13.062764,0.7661445,0.06780604,-2.3445008,-0.54305923,0,3,8,22,183,93,Male
6571628698000.0,3.4572272,11.856087,-0.46926352,-0.26175576,-2.7629435,-0.19272798,0,3,8,22,183,93,Male
6571638384000.0,3.5338416,10.132261,-2.336741,-0.39400807,-2.7210991,-0.102319926,0,3,8,22,183,93,Male
6571648504000.0,3.6487634,7.5082164,-2.6623523,-0.5177083,-2.381458,0.10567969,0,3,8,22,183,93,Male
6571658604000.0,3.514688,4.8745947,-1.6663644,-0.50518554,-2.0909917,0.3848451,0,3,8,22,183,93,Male
6571668675000.0,3.1603463,2.336741,-1.292869,-0.3717115,-2.1734586,1.1194105,0,3,8,22,183,93,Male
6571679263000.0,2.3463178,0.23942018,-1.4077905,-0.19730948,-1.8683313,1.5598444,0,3,8,22,183,93,Male
6571689223000.0,1.532289,-1.5897499,-1.8962077,0.15454891,-1.1609493,1.8307631,0,3,8,22,183,93,Male
6571699053000.0,1.043872,-2.5474305,-2.4229321,0.6924158,-0.27977628,1.9501873,0,3,8,22,183,93,Male
6571709883000.0,0.94810385,-2.4899697,-2.5187001,1.0983357,0.33414328,1.9898936,0,3,8,22,183,93,Male
6571721040000.0,1.3215994,-2.2026656,-2.7102363,1.2519683,0.79809546,1.9010127,0,3,8,22,183,93,Male
6571734161000.0,1.6184803,-1.3982137,-2.2409728,1.0644327,0.77213365,1.6566665,0,3,8,22,183,93,Male
6571743743000.0,1.2258313,0.4213795,-1.4939818,0.947452,0.54367006,1.4343116,0,3,8,22,183,93,Male
6571754896000.0,0.5650316,0.8331822,-1.0055647,0.9468411,0.25473082,1.2562444,0,3,8,22,183,93,Male
6571767082000.0,-1.0821792,0.5363012,-0.16280572,1.0601566,0.10934488,0.95264435,0,3,8,22,183,93,Male
6571777633000.0,-3.514688,1.3790601,0.10534488,0.98471475,1.1887437,0.43799037,0,3,8,22,183,93,Male
6571788224000.0,-4.4723687,3.2369606,0.08619126,0.8436049,1.8005253,-0.052534413,0,3,8,22,183,93,Male
6571797974000.0,-3.8881836,4.3861775,0.047884032,1.1108584,1.5558738,-0.39828414,0,3,8,22,183,93,Male
6571808157000.0,-3.1890767,5.142745,0.8331822,1.3341297,1.4391985,-0.65484756,0,3,8,22,183,93,Male
6571818029000.0,-1.484405,8.159439,7.1059904,1.7705929,1.428203,-0.91751957,0,3,8,22,183,93,Male
6571828965000.0,0.59376204,6.081272,3.620033,1.4110987,1.4150693,-1.5769486,0,3,8,22,183,93,Male
6571839553000.0,1.9153614,6.129156,1.4556746,0.54550266,1.6765196,-1.6646078,0,3,8,22,183,93,Male
6571849286000.0,3.4955344,10.151415,0.11492168,-0.13744467,1.7852536,-1.5213599,0,3,8,22,183,93,Male
6571863772000.0,8.532935,17.190369,-3.371036,-1.0024298,1.5378532,-0.5876524,0,3,8,22,183,93,Male
6571873920000.0,8.236053,17.104177,-7.038953,-1.2305881,1.3371841,0.29352075,0,3,8,22,183,93,Male
6571885331000.0,7.153875,13.158532,-8.935161,-0.32834008,2.6053402,0.66614854,0,3,8,22,183,93,Male
6571896065000.0,6.435614,13.321339,-1.1492168,0.6282749,0.058337633,1.6450601,0,3,8,22,183,93,Male
6571906829000.0,5.449203,14.317327,3.4284968,0.82253003,-3.8588357,2.7278187,0,3,8,22,183,93,Male
6571917356000.0,3.3997664,15.533581,4.414908,0.70341134,-6.317263,2.971554,0,3,8,22,183,93,Male
6571929618000.0,2.1547816,17.535133,1.2449849,0.8927795,-4.166712,2.193617,0,3,8,22,183,93,Male
6571939574000.0,-2.8634653,17.774553,-6.5984197,0.63255095,-1.9599612,1.4813483,0,3,8,22,183,93,Male
6571949271000.0,-3.4955344,16.395493,-6.1004257,0.38453966,0.26175576,1.2525792,0,3,8,22,183,93,Male
6571962121000.0,-3.916914,14.317327,-4.5681367,0.37873647,1.4153748,1.4052955,0,3,8,22,183,93,Male
6571972944000.0,-4.261679,12.53604,-2.8538885,0.92485,1.3045027,1.4196508,0,3,8,22,183,93,Male
6571984549000.0,-3.7828386,12.861651,-3.2752678,2.1578815,0.15699236,1.1887437,0,3,8,22,183,93,Male
6571994343000.0,-2.6048915,12.813767,-3.6966474,2.8362474,-0.48441613,1.0458013,0,3,8,22,183,93,Male
6572004561000.0,-1.0821792,12.5264635,-4.0797195,3.2149837,-0.5748242,0.786489,0,3,8,22,183,93,Male
6572014940000.0,0.33518824,12.737153,-4.012682,3.4074063,-0.093767814,0.52839845,0,3,8,22,183,93,Male
6572024804000.0,2.183512,14.020445,-0.5363012,3.6199875,0.8063421,0.78038037,0,3,8,22,183,93,Male
6572037396000.0,3.064578,15.495274,6.5218053,2.9739974,1.4404203,1.2599095,0,3,8,22,183,93,Male
6572047275000.0,1.6950948,15.188815,10.419566,1.9544634,1.1478158,1.4065173,0,3,8,22,183,93,Male
6572058192000.0,-1.091756,11.645397,8.063671,1.1899655,0.57360244,1.6258179,0,3,8,22,183,93,Male
6572068148000.0,-2.0685902,10.237606,5.3438582,0.72082096,0.47678033,1.3738359,0,3,8,22,183,93,Male
6572079602000.0,-2.8634653,8.542512,3.7062242,0.39950588,1.5418239,1.1606439,0,3,8,22,183,93,Male
6572089646000.0,-3.9264908,7.1826053,2.4133554,0.2489276,1.7938058,1.0100657,0,3,8,22,183,93,Male
6572099624000.0,-4.4436383,6.4739213,2.3750482,0.21197024,1.6639969,0.93828905,0,3,8,22,183,93,Male
6572112563000.0,-5.449203,6.4068837,2.5953147,0.25595254,1.0763446,0.7495316,0,3,8,22,183,93,Male
6572123137000.0,-5.851429,5.6790466,2.7964275,0.15851954,1.0076222,0.4896085,0,3,8,22,183,93,Male
6572133473000.0,-5.707777,4.3861775,2.6719291,0.08246681,0.8002335,0.33292156,0,3,8,22,183,93,Male
6572143466000.0,-4.8745947,3.4476504,2.528277,0.122478485,0.7611381,0.20525073,0,3,8,22,183,93,Male
6572153902000.0,-3.6104562,2.882619,2.4420857,-0.20525073,0.79443026,-0.12339478,0,3,8,22,183,93,Male
6572164153000.0,-2.6144683,1.9728222,2.9017725,-0.6621779,0.6395759,-0.35124752,0,3,8,22,183,93,Male
6572173710000.0,-1.685518,1.13964,3.1507695,-1.2024882,0.36651915,-0.5164866,0,3,8,22,183,93,Male
6572188113000.0,-0.36391866,0.009576807,0.5267244,-1.6814066,0.35827246,-0.6401868,0,3,8,22,183,93,Male
6572198187000.0,-0.15322891,0.047884032,-1.2449849,-2.062892,0.19120082,-0.88789266,0,3,8,22,183,93,Male
6572208653000.0,-0.11492168,0.2777274,-1.5705963,-2.377793,-0.16310102,-1.1908818,0,3,8,22,183,93,Male
6572218646000.0,-0.8523358,1.0726024,3.7062242,-2.557082,-0.6230826,-1.6215417,0,3,8,22,183,93,Male
6572229083000.0,-1.8100165,10.304645,0.38307226,-2.6612344,-0.10751228,-2.575408,0,3,8,22,183,93,Male
6572239379000.0,-1.484405,14.920665,-0.641646,-2.1319196,-0.4092797,-2.9917126,0,3,8,22,183,93,Male
6572251960000.0,0.5650316,17.228676,-0.34476504,-2.0836613,0.01038471,-2.6575692,0,3,8,22,183,93,Male
6572264314000.0,6.129156,15.380352,-4.0222588,-1.6444492,1.8280143,-2.8441887,0,3,8,22,183,93,Male
6572274114000.0,9.576807,15.50485,-2.1164744,-0.98929626,3.0610456,-3.6538904,0,3,8,22,183,93,Male
6572284793000.0,12.124237,17.525557,0.6799533,-0.93126404,2.917187,-3.058297,0,3,8,22,183,93,Male
6572297430000.0,10.936713,18.53112,3.1124623,-1.4999796,2.2492058,-2.4349089,0,3,8,22,183,93,Male
6572307337000.0,4.414908,19.038692,8.034941,-1.7098118,0.6429357,-2.468812,0,3,8,22,183,93,Male
6572317412000.0,-2.7581203,19.28769,6.531382,-2.3753495,-0.99082345,-2.4932466,0,3,8,22,183,93,Male
6572327678000.0,-7.2592196,19.412188,0.91937345,-1.990199,-0.70432764,-2.0922134,0,3,8,22,183,93,Male
6572337425000.0,-8.408437,19.029116,-2.7389667,-1.3081679,0.5448918,-1.9123137,0,3,8,22,183,93,Male
6572347322000.0,-6.8282633,17.295713,-2.2026656,-0.60231316,1.5873333,-1.6016886,0,3,8,22,183,93,Male
6572357922000.0,-5.305551,15.121778,0.038307227,-0.5112942,1.2095132,-1.2751812,0,3,8,22,183,93,Male
6572367585000.0,-3.572149,14.116213,0.91937345,-0.67103547,0.096516706,-1.2156218,0,3,8,22,183,93,Male
6572378508000.0,-1.8579005,13.22557,1.3024458,-0.66339964,-0.872621,-1.1279627,0,3,8,22,183,93,Male
6572387772000.0,-0.22026655,12.947843,1.0821792,-0.44593164,-1.6187929,-0.8885035,0,3,8,22,183,93,Male
6572397805000.0,1.8483237,13.120225,0.8523358,-0.14508049,-2.005165,-0.49235737,0,3,8,22,183,93,Male
6572408482000.0,3.5434184,12.325351,0.08619126,-0.027183503,-2.4801128,-0.17104226,0,3,8,22,183,93,Male
6572418423000.0,4.5681367,11.118672,-1.2258313,-0.12370021,-2.5460863,-0.022296581,0,3,8,22,183,93,Male
6572429204000.0,4.999093,9.011775,-2.5187001,-0.2489276,-2.134974,0.14019357,0,3,8,22,183,93,Male
6572438970000.0,4.9224787,6.694188,-2.3558946,-0.23701571,-1.8417587,0.45112398,0,3,8,22,183,93,Male
6572448974000.0,4.414908,4.232949,-1.2162545,-0.24190263,-1.9178114,0.86162543,0,3,8,22,183,93,Male
6572465325000.0,2.3750482,0.49799395,-0.38307226,-0.062002823,-2.2650883,1.3625349,0,3,8,22,183,93,Male
6572478741000.0,1.292869,-0.80445176,-0.9576807,0.16371189,-1.8735237,1.6829338,0,3,8,22,183,93,Male
6572488582000.0,0.47884035,-1.6472107,-1.982399,0.6258314,-1.2962561,1.7983873,0,3,8,22,183,93,Male
6572498409000.0,0.17238252,-1.8387469,-2.566584,1.1884383,-0.29565877,1.8945986,0,3,8,22,183,93,Male
6572509220000.0,0.15322891,-1.8195933,-2.3175871,1.6481144,0.70371675,1.8515326,0,3,8,22,183,93,Male
6572518965000.0,0.038307227,-1.3599066,-1.3982137,1.6502525,0.7324274,1.704314,0,3,8,22,183,93,Male
6572529605000.0,-0.2873042,-0.8331822,-0.24899697,1.4694363,0.56046885,1.4691309,0,3,8,22,183,93,Male
6572542356000.0,-2.6719291,-0.5554548,1.7908629,1.0995574,0.50518554,1.1679744,0,3,8,22,183,93,Male
6572553815000.0,-4.175488,0.30645782,1.1300632,0.3173445,0.5882632,0.4896085,0,3,8,22,183,93,Male
6572563877000.0,-4.6351743,2.1068976,-0.22026655,-0.094989546,1.135904,-0.3680463,0,3,8,22,183,93,Male
6572574120000.0,-4.2042184,3.217807,-0.545878,0.2687807,1.0772609,-0.7153232,0,3,8,22,183,93,Male
6572584996000.0,-3.016694,3.5051112,-0.7182605,0.64721173,0.820392,-0.92057395,0,3,8,22,183,93,Male
6572594934000.0,-1.6950948,3.169923,-0.7757214,0.9419542,0.9092729,-1.001819,0,3,8,22,183,93,Male
6572605248000.0,-1.13964,2.8634653,1.0151415,1.3292428,0.9440922,-0.9737192,0,3,8,22,183,93,Male
6572616845000.0,-0.4309563,3.1507695,6.6846113,1.9089539,-0.1740966,-1.0622946,0,3,8,22,183,93,Male
6572629403000.0,2.4229321,2.9017725,1.4269443,0.7690793,1.0238101,-1.4376713,0,3,8,22,183,93,Male
6572639788000.0,3.122039,7.5944076,0.37349546,-0.041233405,1.2589933,-1.4941764,0,3,8,22,183,93,Male
6572649502000.0,5.2863975,13.570335,-0.5363012,-0.7703011,0.6236934,-1.4001031,0,3,8,22,183,93,Male
6572664157000.0,7.881712,16.558298,-5.9184666,-1.484708,-0.79717916,-0.4382958,0,3,8,22,183,93,Male
6572673339000.0,8.437167,18.05228,-12.727576,-1.146594,-0.50488013,0.3549127,0,3,8,22,183,93,Male
6572683715000.0,6.7229185,18.425776,-10.91756,1.1203269,1.3072516,1.4385877,0,3,8,22,183,93,Male
6572693830000.0,4.280833,17.171215,0.545878,1.6096299,-2.132225,2.3677137,0,3,8,22,183,93,Male
6572704478000.0,2.1547816,15.98369,5.401319,1.087951,-4.3117924,2.5851817,0,3,8,22,183,93,Male
6572714547000.0,1.1683705,16.414646,5.046977,0.3182608,-2.9706378,2.3289237,0,3,8,22,183,93,Male
6572724552000.0,1.7717092,17.975666,4.711789,-0.6948592,-2.3747387,1.4575244,0,3,8,22,183,93,Male
6572735250000.0,0.1340753,18.588581,-1.6759412,-0.7901542,-1.7580702,0.93034774,0,3,8,22,183,93,Male
6572745120000.0,-0.7469909,16.682798,-5.094861,-0.115453534,-1.0824533,0.68661255,0,3,8,22,183,93,Male
6572756141000.0,-1.7238252,13.723564,-7.153875,0.7742717,-0.31978795,0.3924809,0,3,8,22,183,93,Male
6572766631000.0,-1.3694834,12.497733,-7.833828,1.9052887,0.4007276,0.54367006,0,3,8,22,183,93,Male
6572780132000.0,-0.46926352,12.756307,-5.133168,3.2635477,0.44165558,1.0842859,0,3,8,22,183,93,Male
6572792353000.0,0.24899697,13.263878,-2.6527755,3.6987891,-0.22540927,1.1044444,0,3,8,22,183,93,Male
6572805360000.0,0.1436521,13.809755,-1.1492168,3.7763689,-0.16249016,1.1539245,0,3,8,22,183,93,Male
6572817536000.0,0.36391866,14.355634,3.8019924,3.445891,0.95142263,1.0607675,0,3,8,22,183,93,Male
6572830289000.0,1.4269443,14.60463,8.149862,2.4917192,1.5858061,1.2773192,0,3,8,22,183,93,Male
6572842551000.0,2.8538885,14.470555,8.0924015,1.591304,0.7339546,1.5500705,0,3,8,22,183,93,Male
6572855373000.0,0.49799395,11.903971,5.391742,0.6750061,0.07452556,1.8646661,0,3,8,22,183,93,Male
6572867411000.0,-1.685518,10.228029,3.064578,0.25167647,0.74036866,1.7724255,0,3,8,22,183,93,Male
6572880428000.0,-3.2465374,8.63828,1.8579005,0.2415972,1.4850134,1.4694363,0,3,8,22,183,93,Male
6572892574000.0,-4.357447,7.2687964,1.9153614,0.17562376,1.4446963,1.3435981,0,3,8,22,183,93,Male
6572905294000.0,-5.497087,5.056554,1.6663644,0.14782938,1.3381003,1.2220359,0,3,8,22,183,93,Male
6572917429000.0,-6.033388,5.171476,2.4899697,0.37293324,1.0772609,1.0549643,0,3,8,22,183,93,Male
6572930281000.0,-5.4779334,5.851429,2.6623523,0.029932396,0.840856,0.643852,0,3,8,22,183,93,Male
6572942422000.0,-4.6160207,5.506664,2.1643584,-0.13958271,0.7263188,0.4914411,0,3,8,22,183,93,Male
6572954283000.0,-3.2944214,2.8634653,2.681506,-0.56321776,0.4905248,0.15943582,0,3,8,22,183,93,Male
6572967003000.0,-2.9017725,1.2354081,2.3558946,-1.1163563,0.24862215,-0.22266038,0,3,8,22,183,93,Male
6572982979000.0,-1.388637,-0.90979666,0.22984336,-1.8869628,0.44868052,-0.49296826,0,3,8,22,183,93,Male
6572993332000.0,-0.59376204,-0.5363012,-0.7182605,-2.24157,0.5360342,-0.6750061,0,3,8,22,183,93,Male
6573005310000.0,0.095768064,0.15322891,-0.095768064,-2.532342,0.043676864,-1.1872166,0,3,8,22,183,93,Male
6573017774000.0,0.5746084,0.8619126,4.1371803,-2.7995954,-0.344528,-1.6786577,0,3,8,22,183,93,Male
6573030256000.0,1.0247183,10.199299,1.340753,-2.7980683,0.4025602,-2.270586,0,3,8,22,183,93,Male
6573042710000.0,2.5953147,17.209522,-1.1587936,-2.1688771,-0.18784106,-2.9361238,0,3,8,22,183,93,Male
6573055295000.0,3.3614593,17.113754,-1.388637,-1.9318613,0.22388211,-2.6933048,0,3,8,22,183,93,Male
6573067291000.0,4.2999864,14.863204,-2.5761611,-1.5903877,1.1725558,-2.950479,0,3,8,22,183,93,Male
6573080245000.0,3.6583402,11.463438,-1.0630256,-1.1224649,1.8322903,-3.875329,0,3,8,22,183,93,Male
6573093066000.0,3.0454245,15.495274,3.7062242,-1.29198,0.70707655,-3.8270707,0,3,8,22,183,93,Male
6573105324000.0,2.3750482,17.51598,2.8634653,-1.7876972,-0.12736541,-2.5525005,0,3,8,22,183,93,Male
6573117805000.0,-3.620033,18.53112,3.7349546,-1.2770138,-0.8567385,-2.6703975,0,3,8,22,183,93,Male
6573130153000.0,-5.9184666,19.038692,4.9224787,-1.6358972,-1.396438,-2.1777346,0,3,8,22,183,93,Male
6573142686000.0,-4.721366,18.760965,1.2737153,-1.8964312,-1.010982,-1.6994271,0,3,8,22,183,93,Male
6573155272000.0,-2.9783869,17.54471,0.45968673,-1.5241088,-0.9605856,-1.1667526,0,3,8,22,183,93,Male
6573168028000.0,-1.7429788,15.71554,1.0247183,-1.1606439,-1.3454307,-0.9807441,0,3,8,22,183,93,Male
6573180160000.0,0.11492168,13.397953,0.82360536,-0.7263188,-2.097406,-0.895223,0,3,8,22,183,93,Male
6573192826000.0,1.0821792,12.957419,0.9959879,-0.39278635,-2.5518897,-0.6563747,0,3,8,22,183,93,Male
6573205231000.0,2.135628,12.449849,-0.11492168,-0.16187929,-3.3151658,-0.03145956,0,3,8,22,183,93,Male
6573217739000.0,2.5953147,11.348516,-1.8866309,-0.05009095,-3.1658092,0.16462818,0,3,8,22,183,93,Male
6573230160000.0,2.930503,8.015787,-3.7349546,-0.042760566,-2.140472,0.4981606,0,3,8,22,183,93,Male
6573242630000.0,2.6527755,5.9567738,-2.7006595,-0.083383106,-1.4654657,0.81092364,0,3,8,22,183,93,Male
6573255317000.0,2.2888567,3.8307228,-1.7621324,-0.25350907,-1.1786644,1.2318097,0,3,8,22,183,93,Male
6573267335000.0,2.1452048,1.9632454,-0.89064306,-0.13072516,-1.0858129,1.4358387,0,3,8,22,183,93,Male
6573279849000.0,2.566584,-1.3599066,-1.3599066,0.11056661,-0.7791586,1.6206255,0,3,8,22,183,93,Male
6573291365000.0,2.6431987,-2.5474305,-1.7142484,0.50762904,-0.06994407,1.3808609,0,3,8,22,183,93,Male
6573304628000.0,2.777274,-2.6527755,-1.6472107,1.0595458,0.4654793,1.0827587,0,3,8,22,183,93,Male
6573316071000.0,2.9592333,-2.135628,-1.388637,1.1432343,0.5849035,1.0497719,0,3,8,22,183,93,Male
6573329748000.0,2.336741,-0.16280572,-0.8810662,1.0900891,0.5002986,1.0571023,0,3,8,22,183,93,Male
6573342716000.0,1.4077905,0.6607997,-0.7565677,1.0619892,0.23060162,1.02717,0,3,8,22,183,93,Male
6573367340000.0,-5.0661306,2.815581,-1.3982137,0.9810496,1.4077389,0.45478916,0,3,8,22,183,93,Male
6573388030000.0,-4.6830587,4.4723687,-0.7278373,0.65270954,2.355191,-0.31856623,0,3,8,22,183,93,Male
6573399353000.0,-4.5298295,5.257667,1.388637,1.0009027,2.9107728,-0.9138544,0,3,8,22,183,93,Male
6573412395000.0,-1.5035586,6.2632318,4.3478703,1.5925257,2.7776043,-1.2822062,0,3,8,22,183,93,Male
6573422508000.0,0.61291564,5.363012,3.3423057,1.4645494,1.8613064,-1.7690657,0,3,8,22,183,93,Male
6573432595000.0,1.6567876,5.3821654,2.3750482,0.7901542,1.1420126,-1.9443841,0,3,8,22,183,93,Male
6573443248000.0,2.7485435,7.7667904,0.58418524,0.28344148,0.86376345,-2.0760255,0,3,8,22,183,93,Male
6573455417000.0,7.920019,16.596605,-2.777274,-0.95417154,0.79443026,-1.0650436,0,3,8,22,183,93,Male
6573467133000.0,8.379706,18.071434,-2.1643584,-1.2519683,0.04886922,0.52320606,0,3,8,22,183,93,Male
6573478593000.0,7.680599,15.389929,-6.215348,-0.89888823,0.33322698,1.3842206,0,3,8,22,183,93,Male
6573488298000.0,6.493075,17.468096,0.50757074,1.0482447,-0.7507534,1.842675,0,3,8,22,183,93,Male
6573498375000.0,4.6255975,18.50239,2.9017725,1.2657127,-3.7513235,2.6511552,0,3,8,22,183,93,Male
6573508632000.0,2.930503,18.626888,1.2066777,1.2589933,-4.004527,2.698192,0,3,8,22,183,93,Male
6573518634000.0,1.7908629,18.579004,-0.9959879,0.7330383,-1.7379116,2.037541,0,3,8,22,183,93,Male
6573528911000.0,-1.0726024,15.696386,-4.4340615,0.45234573,0.7651087,1.210735,0,3,8,22,183,93,Male
6573539148000.0,-2.5091233,13.67568,-4.232949,0.6123924,1.8325957,0.73639804,0,3,8,22,183,93,Male
6573549325000.0,-2.7389667,12.660539,-2.8634653,1.0302242,1.4504995,0.66339964,0,3,8,22,183,93,Male
6573562098000.0,-2.3175871,13.062764,-2.3750482,1.7873917,0.39706242,0.8582657,0,3,8,22,183,93,Male
6573572061000.0,-1.8195933,13.953407,-3.4763808,2.5347853,-0.33964106,1.0687088,0,3,8,22,183,93,Male
6573582474000.0,-1.4269443,14.585477,-3.9360676,3.062573,-0.67164636,0.990518,0,3,8,22,183,93,Male
6573592228000.0,-0.16280572,14.326903,-4.1276035,3.4391713,-0.44226643,1.0305296,0,3,8,22,183,93,Male
6573604990000.0,0.79487497,14.738706,-0.7278373,3.5845573,0.33475417,1.1172725,0,3,8,22,183,93,Male
6573613993000.0,0.33518824,15.514427,3.6774938,3.4306192,1.1362094,1.1395692,0,3,8,22,183,93,Male
6573624110000.0,-0.15322891,15.773001,8.6574335,2.773023,1.5393804,1.210735,0,3,8,22,183,93,Male
6573638755000.0,0.49799395,15.342045,9.653421,1.3481796,0.5002986,1.6615535,0,3,8,22,183,93,Male
6573648875000.0,0.6703765,14.662091,9.174581,0.98715824,0.0125227375,1.9144517,0,3,8,22,183,93,Male
6573661488000.0,-0.7278373,12.813767,7.0485296,0.5488624,0.2950479,1.6878207,0,3,8,22,183,93,Male
6573670919000.0,-2.384625,11.061212,4.4819455,0.45234573,1.1725558,1.5384641,0,3,8,22,183,93,Male
6573681938000.0,-5.449203,7.1347213,1.1875241,0.20097467,1.8942931,1.3405437,0,3,8,22,183,93,Male
6573691868000.0,-5.899313,6.253655,0.81402856,0.037873644,2.1093178,1.0906999,0,3,8,22,183,93,Male
6573702177000.0,-6.1004257,5.985504,2.5474305,0.37110063,1.8487836,1.1468995,0,3,8,22,183,93,Male
6573711811000.0,-5.554548,5.9184666,3.466804,0.4343252,1.1960741,0.9825767,0,3,8,22,183,93,Male
6573721802000.0,-4.4436383,5.6215854,3.8977604,0.21563543,0.9300423,0.6267477,0,3,8,22,183,93,Male
6573732287000.0,-3.5338416,4.453215,3.1890767,-0.0729984,0.5320636,0.44012842,0,3,8,22,183,93,Male
6573742104000.0,-3.122039,3.1124623,2.6240451,-0.102319926,0.38881573,0.22174409,0,3,8,22,183,93,Male
6573754398000.0,-2.6910827,1.733402,2.5378537,-0.61208695,0.4007276,-0.15882497,0,3,8,22,183,93,Male
6573764247000.0,-1.9536686,0.33518824,2.1643584,-1.0891727,0.19211712,-0.30085114,0,3,8,22,183,93,Male
6573774098000.0,-1.3599066,-0.59376204,1.1109096,-1.4880677,0.14508049,-0.4382958,0,3,8,22,183,93,Male
6573789070000.0,-1.1300632,-1.1013328,0.019153614,-2.0201313,0.026267206,-0.7131852,0,3,8,22,183,93,Male
6573799107000.0,-0.7469909,-0.8523358,-0.9576807,-2.2033908,-0.33017266,-1.0341948,0,3,8,22,183,93,Male
6573813090000.0,-1.1683705,0.46926352,3.514688,-2.3200662,-0.7974846,-1.310306,0,3,8,22,183,93,Male
6573823144000.0,-1.8866309,10.007763,0.58418524,-2.631302,-0.2660318,-1.6120734,0,3,8,22,183,93,Male
6573834561000.0,-1.1109096,14.777013,-1.532289,-1.91323,-0.1826487,-3.041498,0,3,8,22,183,93,Male
6573844689000.0,0.46926352,17.161638,-1.8100165,-1.9801197,0.27000242,-3.0292807,0,3,8,22,183,93,Male
6573855328000.0,2.8538885,18.349161,-0.9576807,-1.8701639,0.77121735,-2.7595837,0,3,8,22,183,93,Male
6573867356000.0,5.2768207,16.146496,-2.528277,-1.4337007,1.7644843,-2.9452868,0,3,8,22,183,93,Male
6573880346000.0,6.6175733,13.752295,0.9672575,-0.095294975,2.44285,-3.5833356,0,3,8,22,183,93,Male
6573892242000.0,7.153875,16.64449,2.9017725,-0.7877107,1.3854424,-2.980717,0,3,8,22,183,93,Male
6573904357000.0,6.157887,18.090588,3.41892,-1.5149459,0.6365216,-2.2482896,0,3,8,22,183,93,Male
6573913693000.0,-3.1890767,18.818426,7.1826053,-1.5647314,-0.25717425,-2.4868324,0,3,8,22,183,93,Male
6573923897000.0,-8.6095495,19.182344,5.161899,-1.6374242,-1.4883732,-2.497828,0,3,8,22,183,93,Male
6573936138000.0,-8.992621,19.364304,1.9440918,-1.5650368,-0.5870415,-2.002111,0,3,8,22,183,93,Male
6573945582000.0,-7.4603324,18.684351,0.8810662,-1.3393221,-0.6215554,-1.5842791,0,3,8,22,183,93,Male
6573957300000.0,-2.633622,15.945383,-0.2873042,-1.171945,-0.8604037,-1.1798862,0,3,8,22,183,93,Male
6573967067000.0,-1.3599066,14.403518,-0.18195933,-1.1071932,-1.2339478,-1.0626001,0,3,8,22,183,93,Male
6573978631000.0,0.1340753,13.723564,-0.05746084,-0.8374963,-1.8255708,-1.0812315,0,3,8,22,183,93,Male
6573988056000.0,1.8387469,13.340492,0.7086837,-0.5488624,-2.377793,-0.90408057,0,3,8,22,183,93,Male
6573998095000.0,3.4572272,13.081918,0.11492168,-0.40286562,-2.948952,-0.64843345,0,3,8,22,183,93,Male
6574008858000.0,4.1276035,12.105083,-1.6759412,-0.4550946,-3.4370334,-0.24648413,0,3,8,22,183,93,Male
6574018676000.0,4.5202527,10.429143,-3.217807,-0.40561453,-2.908635,-0.16584991,0,3,8,22,183,93,Male
6574029412000.0,4.462792,7.7093296,-3.4859576,-0.3549127,-2.1786509,0.083383106,0,3,8,22,183,93,Male
6574039793000.0,4.223372,5.209783,-2.4516625,-0.29229903,-1.9046779,0.49266282,0,3,8,22,183,93,Male
6574049475000.0,3.8307228,2.5378537,-1.8866309,-0.20677789,-1.7394388,0.86437434,0,3,8,22,183,93,Male
6574065263000.0,2.5761611,-1.292869,-1.2449849,0.21105394,-1.4395039,1.16492,0,3,8,22,183,93,Male
6574079438000.0,2.231396,-2.4995465,-1.6759412,0.6973027,-0.9401216,1.2687671,0,3,8,22,183,93,Male
6574089798000.0,2.2601264,-2.7868507,-2.087744,1.20371,-0.34605515,1.2647965,0,3,8,22,183,93,Male
6574099500000.0,2.4995465,-2.5570073,-1.8291701,1.527774,0.34330627,1.351234,0,3,8,22,183,93,Male
6574113780000.0,2.5474305,-1.8004397,-1.1109096,1.6417004,0.40530908,1.4147639,0,3,8,22,183,93,Male
6574123337000.0,2.1547816,-0.90021986,-0.37349546,1.570229,0.25809056,1.3921618,0,3,8,22,183,93,Male
6574133822000.0,1.5897499,0.009576807,0.1340753,1.3536774,0.01160644,1.2916746,0,3,8,22,183,93,Male
6574143684000.0,-0.50757074,0.25857377,2.3463178,0.27763826,0.4269948,0.5342017,0,3,8,22,183,93,Male
6574154931000.0,-5.1523223,5.142745,0.16280572,-0.70707655,1.3402383,-0.2733622,0,3,8,22,183,93,Male
6574166328000.0,-5.391742,7.4507556,-0.641646,-0.4578435,2.2192733,-0.66156703,0,3,8,22,183,93,Male
6574179553000.0,-4.7309427,6.981492,-0.40222588,0.43799037,1.427592,-1.0323622,0,3,8,22,183,93,Male
6574189429000.0,-3.466804,5.803545,-0.6991069,0.7464773,1.3161092,-1.2113458,0,3,8,22,183,93,Male
6574199304000.0,-3.2752678,5.0374002,2.8538885,0.9837985,1.8167132,-1.5265522,0,3,8,22,183,93,Male
6574213744000.0,2.633622,4.6351743,3.064578,1.0995574,0.8744536,-2.1618521,0,3,8,22,183,93,Male
6574223278000.0,3.5051112,6.847417,1.7238252,0.5311473,1.2623531,-2.252871,0,3,8,22,183,93,Male
6574233775000.0,5.1523223,11.473015,-0.47884035,-0.46211955,1.4312572,-2.1206186,0,3,8,22,183,93,Male
6574243706000.0,7.97748,15.50485,-4.8745947,-0.9447031,1.4517213,-1.3692545,0,3,8,22,183,93,Male
6574255260000.0,9.528923,17.468096,-12.200851,-0.47311515,2.1862867,0.5555819,0,3,8,22,183,93,Male
6574267528000.0,8.580819,18.50239,-8.734048,1.6349808,1.6432275,1.4511104,0,3,8,22,183,93,Male
6574280177000.0,7.07726,19.019539,-1.1779473,2.5045476,-2.2018638,3.2922583,0,3,8,22,183,93,Male
6574292388000.0,0.9672575,19.412188,3.7828386,2.3588562,-3.484681,3.7531562,0,3,8,22,183,93,Male
6574305271000.0,-0.7086837,19.479225,4.9224787,-0.17806722,-1.5228871,3.3023374,0,3,8,22,183,93,Male
6574317318000.0,-1.4173675,18.2917,3.4763808,-1.4355333,-1.9651535,2.1978931,0,3,8,22,183,93,Male
6574329979000.0,-2.96881,14.451402,-3.371036,-1.3640621,-0.52320606,0.5635232,0,3,8,22,183,93,Male
6574342318000.0,-2.2505496,10.936713,-5.410896,-0.06383542,-0.002443461,0.29352075,0,3,8,22,183,93,Male
6574355220000.0,-1.5897499,10.649409,-5.315128,1.5735888,-0.08032878,0.6969972,0,3,8,22,183,93,Male
6574367359000.0,-0.7278373,11.386824,-4.31914,2.2201898,-0.59131753,1.1010846,0,3,8,22,183,93,Male
6574379975000.0,-0.038307227,11.84651,-3.8977604,2.6273315,-1.3558154,0.9089675,0,3,8,22,183,93,Male
6574392346000.0,1.1204864,13.129802,-3.9935284,2.85213,-1.527774,0.8539896,0,3,8,22,183,93,Male
6574405255000.0,1.1587936,13.417107,-3.0454245,3.2571335,-1.151481,0.92485,0,3,8,22,183,93,Male
6574417426000.0,0.78529817,13.330915,-1.2641385,3.830736,0.03268129,0.9288206,0,3,8,22,183,93,Male
6574430197000.0,-0.2777274,13.378799,11.664551,3.109915,1.6096299,0.9419542,0,3,8,22,183,93,Male
6574442394000.0,0.94810385,12.603078,8.90643,1.2223413,0.7440339,1.0705414,0,3,8,22,183,93,Male
6574454820000.0,0.78529817,11.597513,7.144298,0.6719518,0.5589417,1.353372,0,3,8,22,183,93,Male
6574465121000.0,0.02873042,10.1226845,4.8841715,0.41905355,0.9957104,1.2296717,0,3,8,22,183,93,Male
6574474975000.0,-0.89064306,8.66701,3.1316159,0.27885997,1.2956452,1.1731668,0,3,8,22,183,93,Male
6574488697000.0,-3.9264908,5.947197,1.5897499,0.14446963,1.3744467,1.103528,0,3,8,22,183,93,Male
6574498345000.0,-3.9264908,5.1810527,1.7717092,0.11942416,1.4761559,0.95630956,0,3,8,22,183,93,Male
6574509439000.0,-5.5737014,5.439626,2.5187001,0.07880162,1.3445144,0.72173727,0,3,8,22,183,93,Male
6574519119000.0,-5.1810527,5.602432,2.8921957,0.04153884,1.1178834,0.4868596,0,3,8,22,183,93,Male
6574530356000.0,-4.3766007,4.999093,2.432509,-0.09285152,0.91599244,0.3555236,0,3,8,22,183,93,Male
6574542735000.0,-3.572149,3.9935284,2.0207062,-0.1301143,0.7675522,0.20830505,0,3,8,22,183,93,Male
6574555360000.0,-3.0071173,2.9592333,2.2984335,-0.48838675,0.33261612,-0.10842858,0,3,8,22,183,93,Male
6574567743000.0,-1.9249382,0.2777274,0.91937345,-0.97219205,0.13561209,-0.34666604,0,3,8,22,183,93,Male
6574580385000.0,-1.4556746,-0.5554548,0.08619126,-1.4581354,0.28619036,-0.59742624,0,3,8,22,183,93,Male
6574592717000.0,-1.2258313,-0.38307226,-0.4309563,-1.6969837,0.26236662,-0.7593055,0,3,8,22,183,93,Male
6574605175000.0,-1.292869,0.39264908,-0.076614454,-2.0821342,-0.10415252,-1.3246613,0,3,8,22,183,93,Male
6574617431000.0,-3.3901896,9.844957,0.32561144,-2.3991733,-0.32925636,-1.8390098,0,3,8,22,183,93,Male
6574630214000.0,-1.8483237,14.690822,-0.009576807,-2.097406,0.23793201,-2.9599476,0,3,8,22,183,93,Male
6574642432000.0,-0.19153613,17.113754,-0.7469909,-1.8698585,-0.28221974,-2.891225,0,3,8,22,183,93,Male
6574655187000.0,1.685518,18.330008,-1.0821792,-1.3222178,0.35430184,-2.644741,0,3,8,22,183,93,Male
6574667790000.0,6.8665705,16.041151,-2.0015526,-1.1252137,1.5100589,-2.7608054,0,3,8,22,183,93,Male
6574680386000.0,6.9240313,13.733141,-2.2122424,-0.8051204,2.6902506,-3.116329,0,3,8,22,183,93,Male
6574692654000.0,6.291962,16.079458,3.7924154,-0.80939645,1.5015068,-2.9794953,0,3,8,22,183,93,Male
6574705192000.0,-4.223372,18.674774,7.1251445,-1.4984524,-0.43401974,-2.3096814,0,3,8,22,183,93,Male
6574717503000.0,-9.337387,19.10573,5.583278,-1.6771306,-1.772731,-2.7406468,0,3,8,22,183,93,Male
6574730509000.0,-8.437167,19.325996,1.6663644,-1.9062049,-0.38331795,-1.9862283,0,3,8,22,183,93,Male
6574742648000.0,-6.205771,18.751389,-0.79487497,-1.3768903,0.28802297,-1.6444492,0,3,8,22,183,93,Male
6574755173000.0,-1.8291701,16.060305,0.45010993,-0.8790351,-0.20250183,-1.3179418,0,3,8,22,183,93,Male
6574767424000.0,-0.45968673,14.777013,0.8810662,-0.77182823,-0.72021013,-1.2547172,0,3,8,22,183,93,Male
6574779550000.0,0.34476504,13.88637,1.2066777,-0.3475823,-1.5228871,-1.2678508,0,3,8,22,183,93,Male
6574795238000.0,2.4899697,13.215993,0.94810385,-0.15943582,-2.42147,-1.0464121,0,3,8,22,183,93,Male
6574807929000.0,3.5817258,12.411542,-0.59376204,-0.29046643,-2.8875601,-0.71929383,0,3,8,22,183,93,Male
6574818260000.0,4.2999864,11.013328,-2.1452048,-0.4120286,-2.6810875,-0.42119157,0,3,8,22,183,93,Male
6574829548000.0,4.6255975,8.236053,-2.2888567,-0.37659842,-2.0748038,0.058948494,0,3,8,22,183,93,Male
6574839502000.0,4.5777135,5.4779334,-1.6089035,-0.3005457,-2.2079725,0.4605924,0,3,8,22,183,93,Male
6574849213000.0,4.1180267,3.0071173,-1.3024458,-0.17501289,-2.1975877,0.95356065,0,3,8,22,183,93,Male
6574865187000.0,2.6910827,-1.043872,-1.1587936,0.118507855,-1.8500054,1.8234328,0,3,8,22,183,93,Male
6574879571000.0,1.8770541,-2.2409728,-1.5227122,0.47128254,-1.1343768,2.2562308,0,3,8,22,183,93,Male
6574889295000.0,1.4939818,-2.815581,-1.8770541,0.6200282,-0.45723262,2.2785273,0,3,8,22,183,93,Male
6574899437000.0,1.484405,-2.633622,-2.231396,0.7098254,0.0421497,2.2623394,0,3,8,22,183,93,Male
6574913715000.0,1.1300632,-0.9959879,-1.6567876,0.5919284,0.15271631,2.1587977,0,3,8,22,183,93,Male
6574923249000.0,0.5554548,0.29688102,-1.7142484,0.40317106,-0.07391469,1.9358319,0,3,8,22,183,93,Male
6574934233000.0,-0.33518824,1.2162545,-1.8100165,0.3051272,-0.5488624,1.5332718,0,3,8,22,183,93,Male
6574943985000.0,-1.8483237,1.436521,-1.9153614,0.5195409,-0.36346483,1.2260065,0,3,8,22,183,93,Male
6574955970000.0,-4.6830587,2.135628,-2.327164,0.6264423,1.6789632,0.6795876,0,3,8,22,183,93,Male
6574967683000.0,-5.6407394,3.9456444,-1.5035586,0.7086037,2.796541,0.1572978,0,3,8,22,183,93,Male
6574980514000.0,-4.673482,4.7788267,-0.16280572,1.0146471,2.2934935,-0.3378085,0,3,8,22,183,93,Male
6574992757000.0,-3.2561142,6.6750345,6.0238113,1.2342533,2.0925188,-0.7367035,0,3,8,22,183,93,Male
6575005501000.0,-0.2777274,5.305551,5.00867,1.9172006,1.6759088,-1.6114625,0,3,8,22,183,93,Male
6575017602000.0,1.043872,4.357447,3.8402996,0.7825184,1.1664472,-2.1484132,0,3,8,22,183,93,Male
6575030436000.0,2.9592333,9.528923,0.45968673,-0.43463063,0.70463306,-2.605951,0,3,8,22,183,93,Male
6575042712000.0,5.2002063,14.537593,-1.3790601,-1.1346822,0.8020661,-2.5298984,0,3,8,22,183,93,Male
6575055972000.0,8.264784,17.03714,-3.8019924,-1.9333885,1.0494665,-0.23640485,0,3,8,22,183,93,Male
6575067592000.0,8.992621,17.017986,-9.624691,-0.8903361,1.783421,0.80970186,0,3,8,22,183,93,Male
6575080456000.0,5.209783,17.630901,4.0318356,1.1282681,-1.2046263,1.5253305,0,3,8,22,183,93,Male
6575092796000.0,3.8019924,18.588581,4.185065,1.4789047,-5.054299,2.9691105,0,3,8,22,183,93,Male
6575105439000.0,1.9728222,19.067423,0.076614454,1.359786,-3.3374622,3.0094275,0,3,8,22,183,93,Male
6575117746000.0,0.095768064,19.306843,-1.6280571,0.5204572,-0.61575216,2.1856759,0,3,8,22,183,93,Male
6575130309000.0,-3.323152,13.570335,-2.681506,0.08460484,1.0247264,1.1462886,0,3,8,22,183,93,Male
6575142400000.0,-3.323152,12.0571995,-1.436521,0.46273044,0.42058071,0.9193522,0,3,8,22,183,93,Male
6575155414000.0,-2.873042,12.53604,-1.8004397,1.6771306,-1.0577132,0.9950995,0,3,8,22,183,93,Male
6575167703000.0,-2.3654714,12.976573,-3.2848446,2.4471262,-1.2782356,1.0793989,0,3,8,22,183,93,Male
6575180384000.0,-1.0151415,13.072341,-4.4723687,3.1651983,-0.7797695,0.9932669,0,3,8,22,183,93,Male
6575192652000.0,-0.17238252,12.899959,-3.5529952,3.3530393,-0.28099802,1.0097603,0,3,8,22,183,93,Male
6575205309000.0,0.35434186,12.756307,-1.8387469,3.3875532,0.3652974,0.9831876,0,3,8,22,183,93,Male
6575217357000.0,0.80445176,13.455414,5.401319,3.109915,0.9822713,1.104139,0,3,8,22,183,93,Male
6575230448000.0,0.9959879,13.972561,8.772355,2.3399193,0.78984874,1.2968669,0,3,8,22,183,93,Male
6575242866000.0,1.0055647,14.221559,9.404425,1.7794504,0.30207285,1.5531249,0,3,8,22,183,93,Male
6575255304000.0,-0.20111294,12.957419,8.580819,0.79259765,0.22632557,1.5888605,0,3,8,22,183,93,Male
6575267435000.0,-2.1452048,10.113108,5.161899,0.47555858,0.69974613,1.5091426,0,3,8,22,183,93,Male
6575280410000.0,-3.0454245,7.881712,3.6296098,-0.07819075,1.3515394,1.318858,0,3,8,22,183,93,Male
6575292787000.0,-4.2521024,6.3206925,2.0973208,-0.2180789,1.5271631,1.0677924,0,3,8,22,183,93,Male
6575305436000.0,-5.851429,5.305551,2.3080103,-0.18661933,1.350623,0.61666846,0,3,8,22,183,93,Male
6575317678000.0,-7.086837,4.4436383,3.323152,-0.38789943,1.1737776,0.20280726,0,3,8,22,183,93,Male
6575330456000.0,-5.8226986,4.1180267,2.9113493,-0.5491679,0.8881981,-0.02687807,0,3,8,22,183,93,Male
6575342575000.0,-4.050989,3.6966474,1.8866309,-0.4428773,1.0274754,0.05009095,0,3,8,22,183,93,Male
6575355454000.0,-1.3215994,1.6950948,2.3080103,-0.7244862,1.0604621,0.010995574,0,3,8,22,183,93,Male
6575367694000.0,-1.043872,0.29688102,2.2984335,-1.1878275,0.52106804,-0.17501289,0,3,8,22,183,93,Male
6575380970000.0,-0.7086837,-0.25857377,1.0247183,-1.9263636,-0.39706242,-0.6017023,0,3,8,22,183,93,Male
6575393091000.0,-0.7661445,-0.59376204,-0.32561144,-2.1398609,-0.72295904,-0.91965765,0,3,8,22,183,93,Male
6575405257000.0,-2.5953147,1.685518,3.2848446,-2.264172,-1.0311406,-1.6569719,0,3,8,22,183,93,Male
6575417093000.0,-2.5378537,10.611102,0.89064306,-2.7043004,0.34788775,-2.3952026,0,3,8,22,183,93,Male
6575429868000.0,-1.5131354,15.073894,0.63206923,-1.9651535,-0.5338962,-3.0717359,0,3,8,22,183,93,Male
6575442492000.0,-0.545878,17.30529,-0.009576807,-1.8500054,-0.08827003,-2.6471846,0,3,8,22,183,93,Male
6575455273000.0,3.8019924,18.224663,-1.9632454,-1.3646729,0.99265605,-3.0399709,0,3,8,22,183,93,Male
6575467491000.0,6.397307,14.662091,-4.4244847,-1.2513574,1.6823229,-3.4358115,0,3,8,22,183,93,Male
6575480456000.0,10.266336,17.104177,-4.9703627,-0.81214535,3.4483342,-3.198185,0,3,8,22,183,93,Male
6575493855000.0,3.3327289,18.933348,4.903325,-1.0955868,0.4728097,-2.3988678,0,3,8,22,183,93,Male
6575506120000.0,-6.14831,19.239805,9.078813,-0.7812967,-1.7687603,-3.45597,0,3,8,22,183,93,Male
6575516882000.0,-9.040505,19.393034,5.707777,-1.53205,-1.815186,-2.6300802,0,3,8,22,183,93,Male
6575527704000.0,-8.896853,19.469648,1.5610195,-1.3738359,-0.7110472,-1.8777997,0,3,8,22,183,93,Male
6575537265000.0,-7.1251445,18.483236,0.5746084,-0.93401295,-0.28130344,-1.4721853,0,3,8,22,183,93,Male
6575547229000.0,-4.9320555,16.711529,0.15322891,-0.7611381,-0.48991394,-1.2330315,0,3,8,22,183,93,Male
6575557948000.0,-3.0262709,14.757859,-0.038307227,-0.6114761,-0.77640975,-1.2266175,0,3,8,22,183,93,Male
6575567628000.0,-1.6950948,13.254301,-0.20111294,-0.39858958,-0.9972375,-1.2269229,0,3,8,22,183,93,Male
6575578915000.0,-0.33518824,12.497733,0.2873042,0.17684549,-1.5879441,-1.0809261,0,3,8,22,183,93,Male
6575588323000.0,1.3215994,12.354081,0.7661445,0.23273966,-1.8332067,-0.9465357,0,3,8,22,183,93,Male
6575598374000.0,2.566584,11.971008,0.4309563,0.21166481,-2.5008824,-0.6603453,0,3,8,22,183,93,Male
6575608960000.0,3.8115692,11.21444,-0.93852705,0.08827003,-2.5723536,-0.2275473,0,3,8,22,183,93,Male
6575619500000.0,4.6160207,9.385271,-2.0685902,-0.049480084,-2.2919664,-0.008246681,0,3,8,22,183,93,Male
6575630193000.0,5.056554,6.9240313,-1.9632454,-0.11911872,-2.155438,0.36713,0,3,8,22,183,93,Male
6575642706000.0,4.309563,1.8483237,-1.283292,-0.12736541,-2.1135938,0.8017606,0,3,8,22,183,93,Male
6575655333000.0,3.466804,-0.2777274,-1.5897499,0.23396139,-1.9205604,1.3842206,0,3,8,22,183,93,Male
6575668139000.0,2.585738,-1.8579005,-2.0590134,0.6469063,-1.4147639,1.5479325,0,3,8,22,183,93,Male
6575680393000.0,1.7621324,-2.6910827,-1.8387469,1.248914,-0.32620203,1.7715092,0,3,8,22,183,93,Male
6575692673000.0,1.8387469,-1.9153614,-1.3694834,1.4114041,0.30024028,1.8784106,0,3,8,22,183,93,Male
6575705368000.0,1.7429788,-0.842759,-0.18195933,1.3524556,0.67011917,2.0528126,0,3,8,22,183,93,Male
6575717751000.0,1.3311762,0.21068975,0.81402856,1.0186177,0.45234573,2.0485365,0,3,8,22,183,93,Male
6575730334000.0,-1.8291701,1.5035586,1.2545617,0.28955013,0.15332718,1.5018122,0,3,8,22,183,93,Male
6575742772000.0,-4.2521024,2.9975405,-0.50757074,0.004276057,0.6881397,0.7315111,0,3,8,22,183,93,Male
6575755351000.0,-5.8801594,5.449203,-1.6089035,0.38026363,1.6340646,-0.2666427,0,3,8,22,183,93,Male
6575767793000.0,-5.9663506,6.6750345,-1.2545617,0.68966687,1.8069394,-0.79290307,0,3,8,22,183,93,Male
6575780301000.0,-4.156334,8.571242,4.510676,1.2315043,2.2299635,-1.2635747,0,3,8,22,183,93,Male
6575792799000.0,-0.9864111,8.829816,3.7445314,1.9712621,2.044566,-1.6694947,0,3,8,22,183,93,Male
6575805262000.0,1.0247183,9.988609,2.6144683,0.8735373,1.5980235,-1.5986344,0,3,8,22,183,93,Male
6575817090000.0,2.6623523,12.832921,1.6184803,-0.19975294,1.566564,-1.2718215,0,3,8,22,183,93,Male
6575829923000.0,7.9008656,15.600618,-5.9184666,-0.07422013,1.9007072,-0.30818152,0,3,8,22,183,93,Male
6575842518000.0,9.461885,16.318878,-8.446744,0.4999932,1.3976597,0.4896085,0,3,8,22,183,93,Male
6575855198000.0,7.086837,13.962984,-2.9017725,1.2202033,-0.38912117,1.2388347,0,3,8,22,183,93,Male
6575867318000.0,3.3039982,17.324444,5.851429,0.9049969,-3.0488284,2.0708332,0,3,8,22,183,93,Male
6575880142000.0,2.3558946,18.435352,5.1906295,0.20586158,-3.6383133,2.989269,0,3,8,22,183,93,Male
6575892630000.0,0.009576807,18.990808,3.2752678,-0.83169305,-1.649947,2.8866436,0,3,8,22,183,93,Male
6575905280000.0,-3.3901896,19.191921,0.22984336,-1.7024814,-2.3994787,0.97433007,0,3,8,22,183,93,Male
6575917553000.0,-4.9895163,15.016433,-6.042965,-1.3130548,-1.8316795,0.9502009,0,3,8,22,183,93,Male
6575930288000.0,-4.5202527,12.315774,-6.2345014,0.5311473,-1.4694363,0.689056,0,3,8,22,183,93,Male
6575942716000.0,-3.1986535,11.81778,-5.544971,1.3878858,-1.5769486,0.539394,0,3,8,22,183,93,Male
6575955174000.0,-1.3311762,11.808203,-4.8937483,1.994475,-1.4569136,0.4120286,0,3,8,22,183,93,Male
6575967441000.0,1.3790601,11.674128,-5.5737014,2.212554,-0.75777835,0.3005457,0,3,8,22,183,93,Male
6575980207000.0,2.882619,11.549629,-3.3518825,2.7605,0.20341812,0.19761491,0,3,8,22,183,93,Male
6575992944000.0,4.2425256,12.26789,0.31603462,2.957504,0.21288654,0.45356745,0,3,8,22,183,93,Male
6576005369000.0,0.94810385,12.564771,6.349423,2.4984388,0.49113566,1.1676689,0,3,8,22,183,93,Male
6576017684000.0,-1.685518,11.836933,6.2632318,1.7421877,0.8524625,1.2012665,0,3,8,22,183,93,Male
6576030410000.0,-2.3750482,11.243171,5.899313,1.2901474,0.46792278,1.359786,0,3,8,22,183,93,Male
6576042773000.0,-2.1164744,10.5440645,5.401319,1.1847731,0.48838675,1.3637567,0,3,8,22,183,93,Male
6576055349000.0,-1.685518,8.360553,4.3861775,0.77182823,1.1795808,1.1899655,0,3,8,22,183,93,Male
6576067346000.0,-2.078167,7.086837,4.3478703,0.46731192,1.2819008,1.0986412,0,3,8,22,183,93,Male
6576080110000.0,-2.4995465,5.9759274,3.1603463,0.08307768,1.2559389,0.89980453,0,3,8,22,183,93,Male
6576092472000.0,-3.5434184,5.2959743,2.4612393,0.015271631,0.9990701,0.840856,0,3,8,22,183,93,Male
6576105476000.0,-5.6790466,4.7500963,1.982399,0.42088616,0.92271197,0.46120325,0,3,8,22,183,93,Male
6576117641000.0,-5.7269306,4.8362875,2.7964275,0.28527406,0.9104946,0.18600847,0,3,8,22,183,93,Male
6576130433000.0,-4.453215,4.6255975,2.6623523,0.03634648,0.8347474,0.04428773,0,3,8,22,183,93,Male
6576142744000.0,-1.4939818,2.7868507,2.4995465,-0.2669481,0.6930266,0.015271631,0,3,8,22,183,93,Male
6576155351000.0,-1.388637,1.1875241,1.8291701,-0.9944886,0.103847094,-0.31398472,0,3,8,22,183,93,Male
6576167596000.0,-1.2162545,0.22026655,0.6607997,-1.409877,-0.27152961,-0.6239988,0,3,8,22,183,93,Male
6576180280000.0,-0.7469909,-0.05746084,-0.4309563,-2.1416936,-0.5164866,-1.0067059,0,3,8,22,183,93,Male
6576192745000.0,-2.0015526,2.3558946,4.175488,-2.309376,-0.7141015,-1.5265522,0,3,8,22,183,93,Male
6576205284000.0,-0.47884035,10.94629,1.4556746,-2.3402247,-0.43493605,-2.39337,0,3,8,22,183,93,Male
6576217120000.0,1.043872,15.246277,-0.40222588,-1.8793269,-0.7693848,-2.4871378,0,3,8,22,183,93,Male
6576229951000.0,2.3654714,17.391481,-1.1971009,-1.7965547,0.5021312,-2.5631905,0,3,8,22,183,93,Male
6576242421000.0,7.5944076,16.19438,-3.3135753,-1.4727961,1.1071932,-3.069598,0,3,8,22,183,93,Male
6576255303000.0,8.829816,14.039598,-4.865018,-0.8872818,3.2491922,-3.2281175,0,3,8,22,183,93,Male
6576267757000.0,9.232041,16.788143,-0.10534488,-0.6356053,3.7934732,-2.430022,0,3,8,22,183,93,Male
6576280370000.0,3.217807,18.856733,6.9048777,-0.9773844,1.5839735,-2.1997259,0,3,8,22,183,93,Male
6576292612000.0,-3.9935284,19.201498,6.847417,-1.3897184,-0.06566802,-2.2046127,0,3,8,22,183,93,Male
6576305524000.0,-8.178593,19.37388,2.8921957,-1.287704,-0.41874814,-2.1859813,0,3,8,22,183,93,Male
6576317883000.0,-8.178593,18.607735,-0.94810385,-0.9193522,0.9642508,-2.0650299,0,3,8,22,183,93,Male
6576330328000.0,-4.5777135,15.811308,-0.91937345,-0.19425514,1.3313808,-1.5250251,0,3,8,22,183,93,Male
6576342686000.0,-3.2273839,14.144943,0.45968673,-0.06291912,0.8194757,-1.4840971,0,3,8,22,183,93,Male
6576355436000.0,-1.7812861,13.350069,0.9959879,0.16768251,-0.3866777,-1.4110987,0,3,8,22,183,93,Male
6576367742000.0,-0.47884035,12.650962,1.8195933,0.32528573,-1.217149,-1.1533136,0,3,8,22,183,93,Male
6576380403000.0,2.9400797,11.425131,0.19153613,0.17440203,-1.7864754,-0.5170974,0,3,8,22,183,93,Male
6576392726000.0,4.098873,10.228029,-1.1587936,-0.016187929,-1.9520199,-0.2556471,0,3,8,22,183,93,Male
6576405302000.0,5.0661306,8.350976,-2.0398598,-0.25473082,-1.7479908,-0.043676864,0,3,8,22,183,93,Male
6576417777000.0,5.631162,5.9663506,-1.3215994,-0.1826487,-1.9905044,0.21166481,0,3,8,22,183,93,Male
6576430300000.0,4.8267107,2.078167,-0.40222588,0.06688975,-2.5360072,0.86070913,0,3,8,22,183,93,Male
6576442695000.0,3.715801,1.0821792,-0.6703765,0.19761491,-2.5702155,1.2382239,0,3,8,22,183,93,Male
6576454955000.0,2.4516625,0.49799395,-0.9576807,0.33353242,-2.149024,1.9672915,0,3,8,22,183,93,Male
6576467352000.0,0.5267244,-0.2681506,-1.7908629,0.46273044,-1.5974126,2.2773056,0,3,8,22,183,93,Male
6576479981000.0,0.16280572,-0.45010993,-1.8866309,0.68966687,-0.44043383,2.3341162,0,3,8,22,183,93,Male
6576492475000.0,-0.19153613,-0.2681506,-1.436521,0.8219192,-0.03268129,2.169488,0,3,8,22,183,93,Male
6576504963000.0,-0.80445176,0.21068975,-1.0055647,0.7287622,-0.19486602,1.8014416,0,3,8,22,183,93,Male
6576517361000.0,-2.7485435,0.7086837,-1.6089035,0.5503896,-0.20433442,1.4740179,0,3,8,22,183,93,Male
6576530142000.0,-5.5641246,1.532289,-2.231396,0.58276546,1.7351627,0.6627888,0,3,8,22,183,93,Male
6576542535000.0,-6.3781533,3.7445314,-1.532289,0.80573124,2.5149322,0.17745635,0,3,8,22,183,93,Male
6576555322000.0,-5.554548,4.9320555,0.1436521,1.2617421,1.9666806,-0.37812558,0,3,8,22,183,93,Male
6576567784000.0,-4.951209,6.7708025,6.751649,1.8041905,1.894904,-0.6597345,0,3,8,22,183,93,Male
6576580082000.0,-1.3311762,6.7612257,7.7667904,3.1994066,1.9544634,-1.3994923,0,3,8,22,183,93,Male
6576592363000.0,0.08619126,4.912902,6.4164605,1.4242324,0.98868537,-2.012801,0,3,8,22,183,93,Male
6576605179000.0,2.5187001,12.641385,2.6240451,-0.90133166,-0.4196644,-2.7345383,0,3,8,22,183,93,Male
6576617951000.0,4.759673,16.089035,0.02873042,-1.7693712,-0.87781334,-2.456289,0,3,8,22,183,93,Male
6576630243000.0,7.9008656,17.81286,-8.791509,-1.7928895,0.7370089,-0.21563543,0,3,8,22,183,93,Male
6576642643000.0,10.448297,15.437813,-14.164097,0.058948494,3.2742376,0.9251554,0,3,8,22,183,93,Male
6576655169000.0,7.9391727,16.175226,2.681506,2.3747387,-1.4361442,1.6829338,0,3,8,22,183,93,Male
6576667465000.0,6.129156,17.860744,4.175488,2.6697865,-4.024991,2.209805,0,3,8,22,183,93,Male
6576680256000.0,5.803545,18.703505,6.8091097,0.56199604,-0.8017606,3.0720413,0,3,8,22,183,93,Male
6576692754000.0,2.030283,18.89504,3.323152,-1.3283265,-1.2492194,2.1526892,0,3,8,22,183,93,Male
6576705000000.0,-3.4955344,14.911088,-4.8937483,-0.9221011,-0.7629707,0.6392705,0,3,8,22,183,93,Male
6576717370000.0,-3.2273839,13.263878,-6.4260373,-0.06780604,-0.09468412,0.7318166,0,3,8,22,183,93,Male
6576730152000.0,-2.3942018,11.645397,-6.5505357,1.1490375,0.45204028,0.6747007,0,3,8,22,183,93,Male
6576742448000.0,-1.3599066,11.195287,-5.813122,1.5066991,0.6252206,0.5919284,0,3,8,22,183,93,Male
6576755138000.0,1.043872,10.563218,-4.3957543,1.81091,0.9221011,0.5207626,0,3,8,22,183,93,Male
6576767572000.0,2.0207062,10.505757,-3.620033,1.8732183,1.0473285,0.4908302,0,3,8,22,183,93,Male
6576780198000.0,2.72939,10.927136,-2.1643584,2.4007003,1.1548407,0.58184916,0,3,8,22,183,93,Male
6576792595000.0,2.5953147,12.133814,3.0358477,2.7440066,0.9282097,0.84329945,0,3,8,22,183,93,Male
6576805370000.0,0.9864111,11.559206,4.5298295,2.3875668,1.500285,1.171945,0,3,8,22,183,93,Male
6576817860000.0,-0.5363012,10.984597,5.592855,1.6444492,2.2424862,1.2675453,0,3,8,22,183,93,Male
6576830175000.0,-1.2066777,10.43872,5.602432,0.95417154,2.2522602,1.461495,0,3,8,22,183,93,Male
6576842640000.0,-2.882619,8.983045,4.7022123,0.729984,2.2174408,1.5164729,0,3,8,22,183,93,Male
6576855167000.0,-4.0414124,8.0924015,2.8921957,0.10781772,2.1346686,1.4364496,0,3,8,22,183,93,Male
6576867649000.0,-5.391742,7.1155677,0.7086837,-0.051923547,1.8997909,1.2757921,0,3,8,22,183,93,Male
6576880157000.0,-6.6175733,6.1004257,-0.7086837,0.36896262,1.9278907,0.8707884,0,3,8,22,183,93,Male
6576892587000.0,-7.07726,5.506664,-0.7661445,0.73273283,2.3634377,0.6374379,0,3,8,22,183,93,Male
6576904965000.0,-6.2823853,5.2289367,1.9919758,0.7495316,2.538756,0.47586402,0,3,8,22,183,93,Male
6576917367000.0,-5.4779334,5.133168,4.3478703,0.31887165,2.176513,0.19730948,0,3,8,22,183,93,Male
6576929868000.0,-3.466804,4.6160207,4.4723687,-0.42058071,1.6475036,-0.06078109,0,3,8,22,183,93,Male
6576942363000.0,-1.5705963,3.7253778,2.873042,-0.6792821,1.4840971,0.04062254,0,3,8,22,183,93,Male
6576955272000.0,-0.5746084,2.7868507,1.733402,-1.2455542,1.0164797,-0.09193522,0,3,8,22,183,93,Male
6576967758000.0,0.4405331,2.0494366,0.51714754,-1.704314,0.49846604,-0.4990769,0,3,8,22,183,93,Male
6576980149000.0,0.51714754,2.633622,2.566584,-2.046704,-1.0030408,-1.4385877,0,3,8,22,183,93,Male
6576992356000.0,-0.79487497,5.9759274,2.2697031,-2.3417518,-1.616044,-1.9837849,0,3,8,22,183,93,Male
6577004984000.0,0.02873042,12.756307,-0.60333884,-1.9990565,-1.4944818,-3.3670893,0,3,8,22,183,93,Male
6577017707000.0,0.19153613,16.146496,-3.1794999,-1.3298537,-0.37659842,-3.7058141,0,3,8,22,183,93,Male
6577030095000.0,3.323152,18.693928,-2.9113493,-1.3710871,2.3133466,-3.5851681,0,3,8,22,183,93,Male
6577042479000.0,5.391742,17.985243,-3.8402996,-1.1896601,3.1871893,-3.0659328,0,3,8,22,183,93,Male
6577055249000.0,7.1059904,15.2367,-5.00867,0.109650314,4.6276097,-2.7516425,0,3,8,22,183,93,Male
6577067640000.0,8.647857,17.937359,4.8841715,-0.124005646,3.6291504,-2.8970284,0,3,8,22,183,93,Male
6577080218000.0,2.384625,18.741812,6.83784,-0.64599,1.0403035,-2.5158484,0,3,8,22,183,93,Male
6577091921000.0,-6.6175733,19.144037,6.6175733,-0.7180721,-0.68966687,-2.7614164,0,3,8,22,183,93,Male
6577105998000.0,-9.126697,19.34515,4.2521024,-0.8594874,-0.61178154,-2.2739458,0,3,8,22,183,93,Male
6577118486000.0,-6.0142345,16.692375,-1.8483237,-0.77488256,0.101098195,-1.8353447,0,3,8,22,183,93,Male
6577132380000.0,-4.232949,15.188815,-1.6376339,-0.34513888,0.5717699,-1.2834278,0,3,8,22,183,93,Male
6577144612000.0,-2.6623523,13.800179,-0.5650316,-0.09712757,0.12858713,-1.1887437,0,3,8,22,183,93,Male
6577159208000.0,0.50757074,12.210428,1.4460979,-0.1777618,-1.2791518,-0.8713993,0,3,8,22,183,93,Male
6577169423000.0,1.8770541,11.262324,1.4748282,-0.18295415,-2.230269,-0.5513059,0,3,8,22,183,93,Male
6577178876000.0,3.1986535,10.342952,0.47884035,-0.35918877,-2.7733283,-0.25992316,0,3,8,22,183,93,Male
6577188569000.0,4.6255975,9.394848,-1.2449849,-0.5122105,-2.5579982,0.0888809,0,3,8,22,183,93,Male
6577198595000.0,5.803545,7.8912888,-2.2505496,-0.52564955,-2.2611177,0.22113322,0,3,8,22,183,93,Male
6577208734000.0,6.301539,5.813122,-2.2218192,-0.36102137,-1.6844609,0.37323865,0,3,8,22,183,93,Male
6577218795000.0,6.4547677,3.8977604,-2.1164744,-0.2284636,-1.5430456,0.49510628,0,3,8,22,183,93,Male
6577229181000.0,6.196194,2.3942018,-1.7525556,-0.03145956,-1.4236214,0.76174897,0,3,8,22,183,93,Male
6577240421000.0,5.3438582,1.2545617,-1.5035586,0.19792034,-1.29198,1.1279627,0,3,8,22,183,93,Male
6577250407000.0,4.3766007,0.34476504,-0.9959879,0.5155703,-1.0858129,1.5225816,0,3,8,22,183,93,Male
6577263424000.0,3.4284968,0.047884032,-0.29688102,0.8680395,-0.7440339,2.0977113,0,3,8,22,183,93,Male
6577273456000.0,2.5091233,0.19153613,-0.16280572,1.0641272,-0.41722095,2.460565,0,3,8,22,183,93,Male
6577284061000.0,1.6567876,0.4213795,-0.29688102,1.0317514,0.55863625,2.9190195,0,3,8,22,183,93,Male
6577297292000.0,-0.06703765,0.6703765,0.11492168,0.82772243,1.0225884,2.8820622,0,3,8,22,183,93,Male
6577308492000.0,-1.3694834,0.48841715,0.25857377,0.535118,1.2492194,2.5222626,0,3,8,22,183,93,Male
6577318609000.0,-3.217807,0.29688102,-0.5363012,0.25411993,1.3497068,1.6954565,0,3,8,22,183,93,Male
6577331017000.0,-5.899313,2.4708161,-2.8921957,-0.01282817,3.5344663,0.21410827,0,3,8,22,183,93,Male
6577343303000.0,-9.931149,10.486604,-1.6759412,0.27030787,4.646241,-0.7367035,0,3,8,22,183,93,Male
6577356184000.0,-9.337387,9.902418,0.29688102,1.3341297,2.826779,-0.72265357,0,3,8,22,183,93,Male
6577368006000.0,-7.747637,9.394848,1.9919758,1.5326608,1.9889772,-0.8176431,0,3,8,22,183,93,Male
6577382869000.0,-1.7717092,9.864111,5.592855,2.8973339,2.1728477,-1.1957687,0,3,8,22,183,93,Male
6577393294000.0,0.6799533,10.620679,6.14831,2.286163,2.9825497,-1.6563611,0,3,8,22,183,93,Male
6577405797000.0,4.6351743,11.520899,2.3080103,-0.04886922,2.2256875,-2.1282544,0,3,8,22,183,93,Male
6577417533000.0,8.714894,14.834474,-0.7661445,-0.36346483,1.2043208,-1.609019,0,3,8,22,183,93,Male
6577429283000.0,12.50731,17.190369,-6.8282633,0.3115413,0.92485,0.056505036,0,3,8,22,183,93,Male
6577438720000.0,13.857639,15.753847,-7.9008656,1.0571023,1.632232,1.1734722,0,3,8,22,183,93,Male
6577448694000.0,10.620679,15.093047,1.8674773,0.92485,0.6588182,1.500285,0,3,8,22,183,93,Male
6577459692000.0,8.255207,17.314867,6.5505357,-0.3924809,-1.9388863,2.1991148,0,3,8,22,183,93,Male
6577473122000.0,3.122039,18.981232,2.7868507,-1.8139644,-2.427273,2.849381,0,3,8,22,183,93,Male
6577483875000.0,-1.3599066,18.138472,-1.0055647,-1.8942931,-2.2602015,1.7913623,0,3,8,22,183,93,Male
6577494161000.0,-3.916914,16.117765,-5.7843914,-1.4514158,-1.4343116,1.1606439,0,3,8,22,183,93,Male
6577505483000.0,-4.9416323,14.4609785,-7.833828,-0.754724,-0.19456059,0.9370673,0,3,8,22,183,93,Male
6577517860000.0,-4.903325,12.4785795,-7.383718,0.00030543262,0.344528,0.77854776,0,3,8,22,183,93,Male
6577530342000.0,-2.6144683,11.042058,-5.1906295,0.63621616,0.50793445,0.41722095,0,3,8,22,183,93,Male
6577542394000.0,-1.0055647,11.051635,-5.746084,1.0002918,0.7458665,0.3576616,0,3,8,22,183,93,Male
6577555206000.0,0.30645782,10.649409,-5.889736,1.4101825,1.7821994,0.40103304,0,3,8,22,183,93,Male
6577567762000.0,1.13964,10.563218,-4.367024,1.7672331,1.9685133,0.3222314,0,3,8,22,183,93,Male
6577580756000.0,2.1452048,11.061212,-0.11492168,2.9297097,1.0024298,0.65484756,0,3,8,22,183,93,Male
6577593056000.0,1.8291701,11.63582,1.8962077,3.5671475,0.816116,0.893085,0,3,8,22,183,93,Male
6577606033000.0,0.5267244,11.932701,5.056554,3.0149255,1.9474384,1.1221595,0,3,8,22,183,93,Male
6577618000000.0,-1.4556746,11.281479,7.795521,1.6691893,2.219579,1.1145236,0,3,8,22,183,93,Male
6577630890000.0,-2.6048915,8.963891,5.4204726,0.57971114,2.0567832,1.1355985,0,3,8,22,183,93,Male
6577643031000.0,-2.6144683,8.169016,3.2848446,0.6600399,2.3426683,1.4089607,0,3,8,22,183,93,Male
6577655509000.0,-3.5338416,7.345411,2.5474305,0.7651087,2.2739458,1.4068227,0,3,8,22,183,93,Male
6577667972000.0,-4.453215,6.5218053,1.2066777,0.50854534,2.069917,1.2544118,0,3,8,22,183,93,Male
6577680933000.0,-6.83784,6.3685765,0.641646,0.9297369,2.35794,0.99082345,0,3,8,22,183,93,Male
6577692700000.0,-8.293514,5.813122,1.7142484,0.9850202,2.6936102,0.56199604,0,3,8,22,183,93,Male
6577705463000.0,-8.360553,6.349423,3.6296098,0.7180721,2.5283713,0.20280726,0,3,8,22,183,93,Male
6577717846000.0,-5.267244,7.747637,5.0182467,0.38789943,1.8854356,0.093462385,0,3,8,22,183,93,Male
6577730498000.0,-3.074155,6.3302693,3.2752678,-0.4709771,0.66614854,0.07544186,0,3,8,22,183,93,Male
6577742713000.0,-3.0071173,4.2425256,2.480393,-0.8081747,0.25167647,0.06383542,0,3,8,22,183,93,Male
6577755322000.0,-2.6144683,1.733402,1.1013328,-1.4388931,0.44715336,-0.44501534,0,3,8,22,183,93,Male
6577767677000.0,-0.7565677,0.20111294,1.1300632,-1.9049833,0.55680364,-0.8940013,0,3,8,22,183,93,Male
6577780429000.0,-0.22984336,0.8523358,2.1260512,-2.371379,-0.3399465,-2.0030272,0,3,8,22,183,93,Male
6577792662000.0,-0.076614454,2.6910827,3.9839516,-2.479502,-0.9611965,-2.6303856,0,3,8,22,183,93,Male
6577805431000.0,-0.7374141,9.557653,2.5091233,-2.4000895,-0.44440445,-3.120605,0,3,8,22,183,93,Male
6577817616000.0,3.064578,17.046717,-2.4516625,-2.0222695,-0.698219,-3.4461963,0,3,8,22,183,93,Male
6577830168000.0,4.673482,18.2917,-2.2984335,-1.6792686,1.1181889,-3.4730744,0,3,8,22,183,93,Male
6577840353000.0,6.493075,18.914194,-2.6623523,-1.8197676,2.293188,-3.2491922,0,3,8,22,183,93,Male
6577854766000.0,7.97748,17.017986,-4.0318356,-1.0974194,4.1761804,-2.737898,0,3,8,22,183,93,Male
6577865337000.0,8.226477,15.734694,0.46926352,-0.47311515,4.2629232,-2.9727757,0,3,8,22,183,93,Male
6577875296000.0,4.8458643,17.640478,5.985504,-0.30695978,3.0057623,-2.6584857,0,3,8,22,183,93,Male
6577889042000.0,-2.2697031,18.588581,8.791509,-1.0195341,-0.009773844,-1.9883664,0,3,8,22,183,93,Male
6577898616000.0,-7.4124484,19.067423,6.9527617,-1.2596041,-0.29749137,-2.064419,0,3,8,22,183,93,Male
6577908957000.0,-8.255207,19.096153,3.0550013,-1.4230106,0.32589662,-2.3918428,0,3,8,22,183,93,Male
6577919160000.0,-7.603985,18.416199,-0.22984336,-1.1087204,0.89858276,-2.1255057,0,3,8,22,183,93,Male
6577930792000.0,-6.4260373,17.410635,-2.2122424,-0.5448918,1.260215,-1.7702875,0,3,8,22,183,93,Male
6577942836000.0,-5.659893,15.648502,-1.5514427,-0.11789699,0.9776898,-1.6056592,0,3,8,22,183,93,Male
6577955894000.0,-3.7253778,12.6222315,2.1068976,-0.1328632,-0.5873469,-1.5296066,0,3,8,22,183,93,Male
6577968291000.0,-2.0973208,12.172121,2.8538885,-0.27030787,-1.7412714,-1.3136657,0,3,8,22,183,93,Male
6577981013000.0,0.06703765,11.57836,2.6623523,-0.52534413,-2.9993484,-0.4361578,0,3,8,22,183,93,Male
6577993005000.0,3.1316159,9.097966,0.15322891,-0.56596667,-3.2895093,0.10262536,0,3,8,22,183,93,Male
6578006132000.0,4.1180267,6.981492,-1.1300632,-0.5864306,-3.2992833,0.473726,0,3,8,22,183,93,Male
6578017920000.0,5.1906295,4.4723687,-2.030283,-0.5381723,-3.1917708,0.6640105,0,3,8,22,183,93,Male
6578031007000.0,5.48751,2.0398598,-2.815581,-0.1872302,-2.77455,1.1169671,0,3,8,22,183,93,Male
6578042879000.0,4.7022123,-1.3120226,-3.323152,0.27030787,-2.000889,1.3997977,0,3,8,22,183,93,Male
6578056233000.0,3.8402996,-1.4652514,-2.3654714,0.84299403,-0.7324274,1.8692477,0,3,8,22,183,93,Male
6578068081000.0,2.681506,-0.7661445,-1.5705963,1.105666,-0.25686884,2.137723,0,3,8,22,183,93,Male
6578080234000.0,1.6472107,0.35434186,-1.6089035,1.2534955,0.7440339,2.418721,0,3,8,22,183,93,Male
6578090298000.0,0.7469909,1.3120226,-1.733402,1.3744467,1.3182472,2.4422393,0,3,8,22,183,93,Male
6578101062000.0,-0.25857377,1.5610195,-2.0398598,1.4804319,1.772731,2.2605069,0,3,8,22,183,93,Male
6578113743000.0,-2.231396,0.7565677,-1.292869,1.4822645,2.3521366,1.7699821,0,3,8,22,183,93,Male
6578123599000.0,-3.4955344,0.92895025,-1.292869,1.4150693,2.7669141,1.5238034,0,3,8,22,183,93,Male
6578133900000.0,-4.7309427,3.265691,-1.3982137,1.2702943,3.5604281,0.39614612,0,3,8,22,183,93,Male
6578144111000.0,-5.391742,6.167464,-0.82360536,1.3454307,3.0360003,0.09040806,0,3,8,22,183,93,Male
6578155759000.0,-5.363012,7.7093296,0.06703765,1.2757921,2.2589796,0.1282817,0,3,8,22,183,93,Male
6578168009000.0,-6.5601125,9.3661175,3.7062242,1.5335772,2.4236078,0.12034045,0,3,8,22,183,93,Male
6578180233000.0,-1.6184803,8.714894,4.7022123,2.194228,2.0399845,-0.6432411,0,3,8,22,183,93,Male
6578192349000.0,0.24899697,9.356541,4.0318356,1.2162327,1.5641204,-1.4715744,0,3,8,22,183,93,Male
6578205227000.0,2.0111294,12.373235,3.5529952,-0.098043874,0.9755518,-2.4028385,0,3,8,22,183,93,Male
6578217731000.0,3.9743748,15.95496,2.4995465,-0.7189884,0.13439035,-2.3967297,0,3,8,22,183,93,Male
6578231021000.0,10.802638,16.97968,-9.528923,-1.0381655,-0.45356745,-0.2657264,0,3,8,22,183,93,Male
6578243159000.0,10.0748005,15.332468,-6.4260373,0.19242255,1.5622878,1.3778065,0,3,8,22,183,93,Male
6578256004000.0,8.8777,14.729129,-2.585738,0.43982297,0.47769663,2.1325307,0,3,8,22,183,93,Male
6578268069000.0,7.642292,14.317327,0.38307226,-0.21594086,-1.0925325,1.7150042,0,3,8,22,183,93,Male
6578280892000.0,6.7229185,16.989256,1.4077905,-0.24007004,-2.1126773,1.6722436,0,3,8,22,183,93,Male
6578293013000.0,3.2273839,15.9262295,-3.2369606,-0.30909783,-1.0360274,1.7183639,0,3,8,22,183,93,Male
6578306035000.0,0.842759,15.179238,-5.66947,-0.23762658,0.51068336,1.5219707,0,3,8,22,183,93,Male
6578318094000.0,-3.1986535,13.9917145,-5.5258174,-0.14935656,1.2339478,1.4978416,0,3,8,22,183,93,Male
6578331436000.0,-4.0701427,13.618219,-5.3247046,0.82986045,1.1429288,1.3432927,0,3,8,22,183,93,Male
6578343173000.0,-3.3997664,13.579912,-5.841852,1.6804903,0.9645562,1.1725558,0,3,8,22,183,93,Male
6578355890000.0,-2.3654714,14.12579,-6.5218053,2.6426032,1.7183639,0.90041536,0,3,8,22,183,93,Male
6578368048000.0,-1.7238252,15.418659,-3.5529952,3.1401527,2.270586,0.8072584,0,3,8,22,183,93,Male
6578380255000.0,-1.6759412,15.188815,0.019153614,3.866166,2.6505444,1.2147056,0,3,8,22,183,93,Male
6578392914000.0,-2.0111294,14.595054,5.9184666,3.8628063,2.850908,1.3295482,0,3,8,22,183,93,Male
6578405983000.0,-3.2752678,13.64695,11.865664,2.1252003,1.847562,1.0839803,0,3,8,22,183,93,Male
6578418105000.0,-3.8786068,12.066776,6.2249246,0.99082345,2.1105394,1.2519683,0,3,8,22,183,93,Male
6578430764000.0,-5.3342814,10.860099,5.4204726,1.201572,2.0076087,1.31672,0,3,8,22,183,93,Male
6578443049000.0,-5.755661,9.634268,2.087744,0.9825767,2.595872,1.2473868,0,3,8,22,183,93,Male
6578455992000.0,-6.7708025,7.067683,2.2888567,0.78954333,2.9422324,0.95356065,0,3,8,22,183,93,Male
6578468059000.0,-6.493075,6.291962,2.3175871,0.49449542,2.575408,0.6985244,0,3,8,22,183,93,Male
6578480786000.0,-6.445191,6.531382,3.5051112,0.37415496,1.853976,0.2782491,0,3,8,22,183,93,Male
6578493143000.0,-5.6407394,6.397307,4.271256,0.021380283,1.5528195,-0.1337795,0,3,8,22,183,93,Male
6578505984000.0,-3.016694,5.899313,4.1180267,-0.27152961,1.4220943,-0.37018433,0,3,8,22,183,93,Male
6578518099000.0,-3.016694,4.55856,4.6351743,-0.25411993,1.3738359,-0.3979787,0,3,8,22,183,93,Male
6578530883000.0,-2.7581203,2.585738,4.7309427,-0.65209866,1.0189233,-0.8509353,0,3,8,22,183,93,Male
6578543029000.0,-1.3215994,1.5705963,3.6487634,-1.2690725,0.6939429,-1.0919216,0,3,8,22,183,93,Male
6578555418000.0,2.2026656,1.2449849,0.34476504,-1.9315559,0.043982297,-1.1520919,0,3,8,22,183,93,Male
6578567837000.0,2.1452048,0.91937345,0.51714754,-1.9422461,-0.7538077,-1.4853189,0,3,8,22,183,93,Male
6578580234000.0,0.45968673,1.3311762,2.528277,-1.9926424,-1.9434677,-1.9905044,0,3,8,22,183,93,Male
6578590203000.0,-2.1930888,9.816227,-0.60333884,-2.502104,-0.19272798,-2.1997259,0,3,8,22,183,93,Male
6578599922000.0,-0.9672575,14.681245,-2.27928,-2.0839667,0.8604037,-2.7577512,0,3,8,22,183,93,Male
6578610333000.0,0.047884032,17.113754,-1.9919758,-1.9318613,1.8283197,-2.6755898,0,3,8,22,183,93,Male
6578620404000.0,2.2122424,18.330008,-0.47884035,-2.0726657,2.1487186,-2.2495112,0,3,8,22,183,93,Male
6578633272000.0,6.943185,13.455414,-3.0071173,-1.3747523,2.7522533,-2.4697282,0,3,8,22,183,93,Male
6578643623000.0,10.0269165,16.500837,0.45010993,-0.70005155,3.4797938,-2.930626,0,3,8,22,183,93,Male
6578654062000.0,9.279925,18.02355,4.3287168,-1.5818355,2.0738876,-2.4223862,0,3,8,22,183,93,Male
6578663821000.0,4.453215,18.780119,6.9144545,-1.885741,0.3894266,-2.3930645,0,3,8,22,183,93,Male
6578673862000.0,-1.2449849,19.16319,7.345411,-2.296548,-0.8194757,-2.5213463,0,3,8,22,183,93,Male
6578683982000.0,-5.410896,19.354727,3.8115692,-2.4178047,-1.022283,-2.3839016,0,3,8,22,183,93,Male
6578694213000.0,-7.536947,19.450495,0.78529817,-2.1429152,-0.23182335,-1.9376645,0,3,8,22,183,93,Male
6578711496000.0,-7.7189064,17.889475,-1.3503298,-1.543351,0.4633413,-1.6759088,0,3,8,22,183,93,Male
6578720953000.0,-7.7189064,17.889475,-1.3503298,-1.2370021,0.012217305,-1.5980235,0,3,8,22,183,93,Male
6578730861000.0,-6.742072,16.46253,0.22026655,-1.1768318,-0.9095783,-1.42973,0,3,8,22,183,93,Male
6578741502000.0,-2.5953147,14.221559,1.1587936,-1.0833695,-1.7223345,-1.2519683,0,3,8,22,183,93,Male
6578751000000.0,-0.34476504,13.139379,0.91937345,-1.0888673,-2.5986207,-1.0360274,0,3,8,22,183,93,Male
6578761471000.0,2.4229321,12.794614,0.1436521,-1.1255192,-3.2983668,-0.6817256,0,3,8,22,183,93,Male
6578771634000.0,4.711789,12.277467,-1.3503298,-1.0876455,-3.561039,-0.1863139,0,3,8,22,183,93,Male
6578781700000.0,6.090849,10.160992,-3.169923,-0.9108001,-3.419929,0.20891592,0,3,8,22,183,93,Male
6578791979000.0,6.3685765,7.1826053,-3.5434184,-0.7965683,-2.8738155,0.35277468,0,3,8,22,183,93,Male
6578805596000.0,6.0621185,4.012682,-3.0071173,-0.6188065,-2.4996605,0.5354234,0,3,8,22,183,93,Male
6578815379000.0,5.4204726,1.5801731,-2.3558946,-0.44135013,-2.3228152,0.6914995,0,3,8,22,183,93,Male
6578825221000.0,4.5872903,-0.05746084,-2.3080103,-0.11789699,-2.031127,1.0919216,0,3,8,22,183,93,Male
6578838682000.0,3.8977604,-1.3120226,-2.8443117,0.20280726,-1.2812898,1.53205,0,3,8,22,183,93,Male
6578848672000.0,2.9783869,-1.541866,-2.9113493,0.6032294,-0.42363504,1.8270979,0,3,8,22,183,93,Male
6578858900000.0,2.1643584,-1.3120226,-2.6719291,1.395827,0.45723262,1.9837849,0,3,8,22,183,93,Male
6578869430000.0,1.292869,-1.2162545,-3.0358477,1.8551978,0.98654735,2.0027218,0,3,8,22,183,93,Male
6578880263000.0,0.79487497,-1.1875241,-2.7389667,2.0387628,1.2556335,1.9211712,0,3,8,22,183,93,Male
6578892415000.0,0.30645782,-1.283292,-2.384625,1.954158,1.4596626,1.7641789,0,3,8,22,183,93,Male
6578904634000.0,-0.41180268,-1.3311762,-1.8100165,1.520749,1.4294246,1.0830641,0,3,8,22,183,93,Male
6578915151000.0,-1.9632454,-2.3942018,-0.11492168,1.3423764,2.0928242,0.3359759,0,3,8,22,183,93,Male
6578925847000.0,-6.0716953,-2.5091233,2.9783869,-0.013439035,3.5989125,-0.883922,0,3,8,22,183,93,Male
6578938428000.0,-3.5529952,4.606444,2.5570073,-0.7901542,3.3686163,-1.2910637,0,3,8,22,183,93,Male
6578949091000.0,-1.4173675,6.445191,3.2848446,-0.43860126,2.3118196,-1.035722,0,3,8,22,183,93,Male
6578959337000.0,1.6089035,8.303091,4.003105,0.27000242,0.86559606,-0.9425651,0,3,8,22,183,93,Male
6578969722000.0,3.2082303,7.192182,-0.2777274,0.86193085,0.6957755,-1.0488557,0,3,8,22,183,93,Male
6578980252000.0,3.2369606,6.6367273,-1.3790601,0.61636305,1.0931433,-0.9560041,0,3,8,22,183,93,Male
6578992482000.0,3.4572272,7.431602,-2.0207062,0.6273586,1.0735956,-0.9236283,0,3,8,22,183,93,Male
6579005272000.0,4.4244847,11.176133,-2.432509,0.7079928,1.7376062,-0.17287487,0,3,8,22,183,93,Male
6579015163000.0,6.2345014,15.361198,-3.4284968,0.32589662,2.0164661,1.0329732,0,3,8,22,183,93,Male
6579024921000.0,7.393295,17.448942,-2.834735,-0.16462818,1.4416419,1.7754798,0,3,8,22,183,93,Male
6579038744000.0,5.2959743,16.874334,0.047884032,-1.205848,0.0711658,1.6328428,0,3,8,22,183,93,Male
6579048295000.0,4.280833,15.705963,1.8770541,-1.4312572,-0.7831292,1.7079792,0,3,8,22,183,93,Male
6579058830000.0,3.4093432,15.974113,2.834735,-1.5906931,-2.976441,1.9761491,0,3,8,22,183,93,Male
6579068852000.0,1.733402,17.0946,-4.6160207,0.21991149,-3.0002646,2.2592852,0,3,8,22,183,93,Male
6579079933000.0,-0.34476504,17.113754,-7.192182,1.6526959,-1.2718215,1.92392,0,3,8,22,183,93,Male
6579090158000.0,-2.1164744,16.510414,-6.7229185,2.3753495,-0.22785273,1.3481796,0,3,8,22,183,93,Male
6579100914000.0,-3.5434184,15.47612,-6.0716953,2.271197,0.56107974,1.0687088,0,3,8,22,183,93,Male
6579113828000.0,-4.0892963,14.221559,-4.5298295,2.54517,1.6453656,1.0934488,0,3,8,22,183,93,Male
6579123635000.0,-4.050989,13.493721,-2.135628,2.7711902,1.5247196,1.0534371,0,3,8,22,183,93,Male
6579133812000.0,-3.6391866,13.666103,-0.25857377,3.1991012,0.33108896,1.0720685,0,3,8,22,183,93,Male
6579143988000.0,-2.873042,14.106636,-1.1300632,3.3191364,0.7770206,1.1633929,0,3,8,22,183,93,Male
6579155464000.0,-0.35434186,16.069881,-0.5363012,3.3863316,1.7259997,1.1148291,0,3,8,22,183,93,Male
6579167375000.0,-0.4213795,16.874334,5.391742,3.162144,1.8283197,1.1129965,0,3,8,22,183,93,Male
6579180291000.0,-1.1013328,16.175226,10.275913,2.303573,1.2901474,1.0467176,0,3,8,22,183,93,Male
6579192443000.0,-0.9959879,15.47612,10.601525,1.4373659,0.8356637,1.1026118,0,3,8,22,183,93,Male
6579205355000.0,-1.934515,12.344504,5.746084,0.98624194,1.0451905,1.1728612,0,3,8,22,183,93,Male
6579217722000.0,-1.8674773,11.118672,4.6160207,0.74372846,1.3381003,1.1221595,0,3,8,22,183,93,Male
6579230500000.0,-2.2697031,9.136273,2.8538885,0.30787608,1.9165897,1.0769554,0,3,8,22,183,93,Male
6579242785000.0,-2.681506,8.121132,2.5187001,0.105068825,1.9773707,1.110553,0,3,8,22,183,93,Male
6579255501000.0,-7.2113357,5.841852,4.213795,-0.2910773,1.1297953,0.24465153,0,3,8,22,183,93,Male
6579267820000.0,-7.3071036,4.711789,4.146757,-0.36926803,0.8173377,-0.08979719,0,3,8,22,183,93,Male
6579280453000.0,-5.765238,4.003105,2.719813,-0.2434298,0.57787853,-0.03145956,0,3,8,22,183,93,Male
6579292751000.0,-2.3654714,3.5338416,-0.05746084,-0.15118915,0.591623,0.07147124,0,3,8,22,183,93,Male
6579305429000.0,-1.8291701,1.8579005,0.02873042,-0.49541172,0.020463986,-0.36071593,0,3,8,22,183,93,Male
6579317715000.0,-1.5705963,0.038307227,0.61291564,-0.9505063,-0.052534413,-0.64904433,0,3,8,22,183,93,Male
6579330385000.0,-1.9249382,-1.0821792,0.79487497,-1.8484782,-0.06261369,-1.1273518,0,3,8,22,183,93,Male
6579342818000.0,-2.2601264,-0.7182605,0.90979666,-2.4013114,-0.20158553,-1.4419475,0,3,8,22,183,93,Male
6579355501000.0,-2.3750482,0.45968673,3.8115692,-2.9770517,-0.57360244,-2.0690005,0,3,8,22,183,93,Male
6579367852000.0,-2.3750482,9.931149,2.7485435,-3.3264668,0.04337143,-2.5234842,0,3,8,22,183,93,Male
6579380937000.0,1.3599066,17.142485,-0.4405331,-2.1551325,-0.70707655,-3.0396655,0,3,8,22,183,93,Male
6579392991000.0,2.0973208,17.583017,-1.7429788,-2.133447,-0.39400807,-2.817616,0,3,8,22,183,93,Male
6579405893000.0,4.175488,18.435352,-2.135628,-1.824349,0.80970186,-3.2265902,0,3,8,22,183,93,Male
6579418016000.0,6.3111157,15.792154,-3.8019924,-1.643533,1.9593502,-3.767206,0,3,8,22,183,93,Male
6579430901000.0,10.065224,18.598158,1.8100165,-1.2321151,3.6438112,-2.765387,0,3,8,22,183,93,Male
6579442968000.0,3.6774938,19.067423,5.45878,-1.0735956,0.6957755,-1.9905044,0,3,8,22,183,93,Male
6579455889000.0,-5.2385135,19.306843,9.155427,-1.6022996,-2.3512204,-2.7605,0,3,8,22,183,93,Male
6579467996000.0,-8.599973,19.421764,6.703765,-2.449875,-1.8606955,-1.8548924,0,3,8,22,183,93,Male
6579480294000.0,-7.249643,19.507956,0.6799533,-2.4165828,-0.5815437,-1.3613132,0,3,8,22,183,93,Male
6579492602000.0,-5.48751,18.128895,0.5746084,-2.008525,-0.53878313,-1.1426234,0,3,8,22,183,93,Male
6579505347000.0,-4.146757,16.156073,0.46926352,-1.4810427,-1.6930131,-1.0045679,0,3,8,22,183,93,Male
6579517689000.0,-3.3614593,14.068329,0.46926352,-1.1081096,-2.5121834,-1.1016954,0,3,8,22,183,93,Male
6579530451000.0,-0.38307226,11.951855,-0.36391866,-0.5849035,-3.1166344,-0.87017757,0,3,8,22,183,93,Male
6579542846000.0,1.2449849,11.789049,-1.283292,-0.18203785,-3.3826663,-0.51923543,0,3,8,22,183,93,Male
6579555437000.0,2.6048915,10.898406,-2.6431987,0.14019357,-3.0925052,0.1282817,0,3,8,22,183,93,Male
6579567840000.0,3.5051112,6.6079965,-4.3861775,0.13164146,-2.565634,0.38515055,0,3,8,22,183,93,Male
6579580288000.0,4.0414124,4.223372,-3.8498764,0.1908954,-1.5170839,0.86132,0,3,8,22,183,93,Male
6579592623000.0,3.8786068,1.9057846,-2.5953147,0.22937989,-1.0931433,1.2412782,0,3,8,22,183,93,Male
6579605390000.0,3.5242648,0.047884032,-1.3599066,0.40439278,-0.8518516,1.4315627,0,3,8,22,183,93,Male
6579617842000.0,3.169923,-2.1452048,-1.0726024,0.40042216,-0.79198676,1.4743233,0,3,8,22,183,93,Male
6579630160000.0,3.514688,-2.4612393,-1.283292,0.73853606,0.26328292,1.1914927,0,3,8,22,183,93,Male
6579641152000.0,3.7062242,-2.384625,-0.6799533,1.1496484,0.56779927,1.1902709,0,3,8,22,183,93,Male
6579654996000.0,3.6774938,-1.9536686,-0.095768064,1.4230106,0.42760566,1.4046847,0,3,8,22,183,93,Male
6579667432000.0,2.2026656,-0.89064306,0.7757214,1.416902,0.28313604,1.3970488,0,3,8,22,183,93,Male
6579679918000.0,0.641646,-0.37349546,1.043872,1.2705997,-0.15271631,1.2144,0,3,8,22,183,93,Male
6579693344000.0,-2.2601264,0.6703765,0.40222588,1.040609,0.049480084,0.8472701,0,3,8,22,183,93,Male
6579705471000.0,-5.1140146,3.2944214,-0.8810662,0.48533243,1.956296,0.06078109,0,3,8,22,183,93,Male
6579718018000.0,-5.755661,6.789956,-1.043872,0.5503896,2.2562308,-0.2321288,0,3,8,22,183,93,Male
6579731124000.0,-4.3382936,5.985504,-1.388637,0.83260936,1.606881,-0.5681047,0,3,8,22,183,93,Male
6579743211000.0,-3.0358477,5.0182467,-1.1875241,1.0204504,1.928807,-0.7715228,0,3,8,22,183,93,Male
6579756260000.0,0.7374141,5.66947,3.4476504,2.0402899,0.89552844,-1.1545353,0,3,8,22,183,93,Male
6579768319000.0,1.8579005,6.2728086,3.2561142,1.7174476,1.6481144,-1.2495248,0,3,8,22,183,93,Male
6579781138000.0,3.2752678,10.649409,2.8060043,0.056199603,1.4327844,-1.2327261,0,3,8,22,183,93,Male
6579793252000.0,5.6790466,15.093047,1.2162545,-0.8530733,0.98471475,-0.76083267,0,3,8,22,183,93,Male
6579806151000.0,7.0581064,15.370775,-9.797073,-1.5253305,-0.61819565,0.37568212,0,3,8,22,183,93,Male
6579818304000.0,5.592855,13.800179,-6.7612257,-0.6423248,1.1881329,0.6948592,0,3,8,22,183,93,Male
6579831058000.0,5.3247046,14.489709,-0.82360536,0.28771752,-1.217149,2.0280726,0,3,8,22,183,93,Male
6579843270000.0,3.3614593,17.860744,1.2258313,0.6783658,-3.9675698,2.612976,0,3,8,22,183,93,Male
6579856210000.0,1.3120226,18.703505,-1.8100165,1.3295482,-1.6056592,2.3252585,0,3,8,22,183,93,Male
6579868276000.0,-1.4077905,18.387468,-2.6719291,0.93951076,-0.99112886,1.5842791,0,3,8,22,183,93,Male
6579881078000.0,-2.528277,16.452953,-4.367024,0.24740042,-0.18875736,0.78954333,0,3,8,22,183,93,Male
6579892987000.0,-3.3135753,13.378799,-3.5242648,0.5702427,0.51007247,0.8671232,0,3,8,22,183,93,Male
6579905500000.0,-3.122039,13.196839,-3.0454245,1.9917262,-0.023823744,0.9877691,0,3,8,22,183,93,Male
6579917957000.0,-2.566584,13.733141,-3.8402996,2.715296,-0.2134974,0.9914343,0,3,8,22,183,93,Male
6579930329000.0,-2.1452048,14.144943,-3.8402996,3.3402112,0.007330383,0.80573124,0,3,8,22,183,93,Male
6579955201000.0,1.2449849,14.135366,2.9017725,3.5146132,0.99265605,0.7968737,0,3,8,22,183,93,Male
6579967459000.0,1.1971009,14.432248,9.059659,3.137404,1.7941113,1.0922271,0,3,8,22,183,93,Male
6579980477000.0,0.5363012,13.656527,11.224017,1.6673567,1.0002918,1.5247196,0,3,8,22,183,93,Male
6579992902000.0,-0.58418524,11.654974,7.441179,1.0644327,0.37201694,1.7223345,0,3,8,22,183,93,Male
6580006001000.0,-1.1971009,10.611102,4.1371803,0.24037547,1.1908818,1.4541647,0,3,8,22,183,93,Male
6580017996000.0,-1.9057846,9.576807,3.3135753,0.0711658,1.2370021,1.348485,0,3,8,22,183,93,Male
6580031202000.0,-4.146757,5.755661,1.2449849,-0.25809056,1.1630874,1.0485502,0,3,8,22,183,93,Male
6580043183000.0,-5.6407394,4.7022123,2.1068976,-0.12644911,1.2244794,0.96577793,0,3,8,22,183,93,Male
6580056007000.0,-6.7133417,5.0661306,3.4572272,-0.17195857,1.0100657,0.37659842,0,3,8,22,183,93,Male
6580067987000.0,-6.6175733,4.76925,3.265691,-0.35918877,0.88117313,0.25625798,0,3,8,22,183,93,Male
6580081010000.0,-3.9073372,3.3518825,1.0821792,-0.19242255,1.133155,0.23579398,0,3,8,22,183,93,Male
6580093081000.0,-2.767697,2.3080103,1.8195933,-0.22937989,1.0002918,0.119729586,0,3,8,22,183,93,Male
6580106068000.0,-2.336741,0.6607997,2.2122424,-1.0112875,0.02687807,-0.40958515,0,3,8,22,183,93,Male
6580118066000.0,-1.5705963,-0.36391866,1.1492168,-1.5980235,-0.19364429,-0.657291,0,3,8,22,183,93,Male
6580130378000.0,-1.1971009,-0.9672575,0.2681506,-2.1053472,-0.47158796,-1.0528263,0,3,8,22,183,93,Male
6580142832000.0,-1.1204864,-0.047884032,1.0247183,-2.3875668,-0.7816021,-1.5882497,0,3,8,22,183,93,Male
6580156034000.0,-1.8100165,3.1986535,4.0892963,-2.9373455,-0.464563,-2.3536637,0,3,8,22,183,93,Male
6580168050000.0,-0.12449849,15.456966,-1.1875241,-2.52043,-0.25289822,-2.951701,0,3,8,22,183,93,Male
6580181081000.0,0.31603462,17.496826,-1.4460979,-1.9734001,-0.3594942,-3.0268373,0,3,8,22,183,93,Male
6580193097000.0,1.6280571,18.521544,-1.0342951,-1.6978999,-0.22540927,-3.1514537,0,3,8,22,183,93,Male
6580206110000.0,4.0797195,19.029116,-1.4939818,-1.4263704,1.0393872,-3.4507778,0,3,8,22,183,93,Male
6580218077000.0,9.5385,18.540697,-4.5872903,-1.2873985,2.6798658,-3.3988543,0,3,8,22,183,93,Male
6580230951000.0,8.178593,19.038692,1.9632454,-0.70371675,1.5763378,-2.2226331,0,3,8,22,183,93,Male
6580243111000.0,-1.091756,19.28769,9.241618,-0.5027421,-0.43799037,-2.5433373,0,3,8,22,183,93,Male
6580255543000.0,-8.408437,19.412188,9.835381,-1.6939293,-2.3151793,-2.346028,0,3,8,22,183,93,Male
6580268009000.0,-8.810662,19.507956,1.9153614,-2.1413882,-1.4553864,-1.7993035,0,3,8,22,183,93,Male
6580281066000.0,-6.6846113,18.377892,0.47884035,-1.649947,-0.9492846,-1.318858,0,3,8,22,183,93,Male
6580292877000.0,-4.4723687,16.318878,-0.48841715,-1.4587462,-1.2055426,-1.131017,0,3,8,22,183,93,Male
6580309400000.0,-1.7046716,13.397953,-0.60333884,-0.8549059,-2.022575,-1.2803736,0,3,8,22,183,93,Male
6580319254000.0,0.23942018,13.196839,-0.7182605,-0.13408493,-2.4529295,-1.0885619,0,3,8,22,183,93,Male
6580331203000.0,2.1068976,13.340492,-1.1109096,0.06505715,-2.748588,-0.754724,0,3,8,22,183,93,Male
6580343076000.0,3.7924154,12.756307,-2.384625,-0.042760566,-2.669481,-0.48563787,0,3,8,22,183,93,Male
6580353957000.0,5.1906295,10.869676,-3.5625722,-0.13897185,-2.0228803,-0.2049453,0,3,8,22,183,93,Male
6580363294000.0,6.3111157,7.9966335,-3.4284968,-0.098043874,-1.7846428,-0.060170226,0,3,8,22,183,93,Male
6580373326000.0,6.6175733,4.8937483,-2.183512,-0.03023783,-1.6826283,0.2910773,0,3,8,22,183,93,Male
6580383446000.0,5.9184666,2.4708161,-1.6376339,0.040011674,-1.6771306,0.73853606,0,3,8,22,183,93,Male
6580393894000.0,5.2002063,0.5554548,-1.0534488,0.36285394,-1.4251486,1.4407257,0,3,8,22,183,93,Male
6580404916000.0,3.3135753,-1.9919758,-1.5131354,0.54550266,-1.1044444,1.7018706,0,3,8,22,183,93,Male
6580414688000.0,3.1890767,-2.2888567,-1.9536686,0.81214535,-0.2938262,1.6975945,0,3,8,22,183,93,Male
6580425491000.0,3.1028855,-2.0685902,-1.8483237,1.1123856,0.4908302,1.7870862,0,3,8,22,183,93,Male
6580438567000.0,2.8443117,-1.6567876,-1.1587936,1.2947289,0.806953,1.8643607,0,3,8,22,183,93,Male
6580447962000.0,2.3558946,-1.1875241,-0.50757074,1.201572,0.77671516,1.8093829,0,3,8,22,183,93,Male
6580459574000.0,1.7812861,-0.4309563,-0.05746084,1.067487,0.5360342,1.6206255,0,3,8,22,183,93,Male
6580469120000.0,0.90021986,0.1340753,0.10534488,0.77579886,0.27885997,1.348485,0,3,8,22,183,93,Male
6580480464000.0,-1.5897499,0.45010993,0.10534488,0.6243043,1.0494665,0.990518,0,3,8,22,183,93,Male
6580492873000.0,-5.9184666,5.506664,-0.6799533,0.19730948,2.2101104,0.3857614,0,3,8,22,183,93,Male
6580505442000.0,-5.2768207,6.167464,-1.1779473,0.5522222,1.8332067,-0.27305678,0,3,8,22,183,93,Male
6580518305000.0,-3.9743748,5.650316,-1.6280571,0.86101454,1.2657127,-0.5589417,0,3,8,22,183,93,Male
6580530580000.0,-3.2369606,5.6407394,-0.81402856,1.6584991,1.7837266,-0.77304995,0,3,8,22,183,93,Male
6580543015000.0,1.0534488,6.6750345,1.7142484,2.5482244,1.4996742,-1.099252,0,3,8,22,183,93,Male
6580555438000.0,1.9919758,8.504205,2.3175871,1.824349,2.6187794,-1.3414601,0,3,8,22,183,93,Male
6580567974000.0,3.3901896,12.832921,2.480393,0.6914995,2.857933,-1.5916094,0,3,8,22,183,93,Male
6580580232000.0,5.257667,16.184803,2.5187001,-0.9202685,1.3961325,-1.0494665,0,3,8,22,183,93,Male
6580592588000.0,7.153875,16.136919,0.10534488,-1.4181237,0.34330627,-0.29168814,0,3,8,22,183,93,Male
6580605198000.0,6.2632318,11.702858,-5.410896,-1.6771306,0.22174409,0.61636305,0,3,8,22,183,93,Male
6580617396000.0,6.042965,12.50731,-0.22026655,-0.29077184,-1.68385,2.0189097,0,3,8,22,183,93,Male
6580630192000.0,4.999093,13.599066,2.4708161,0.2855795,-4.913189,2.7000244,0,3,8,22,183,93,Male
6580642594000.0,-0.15322891,17.650055,-6.157887,1.0638218,-3.238502,2.3289237,0,3,8,22,183,93,Male
6580655234000.0,-2.27928,18.416199,-7.393295,1.3524556,-0.49327368,1.402852,0,3,8,22,183,93,Male
6580667794000.0,-3.6008794,17.343597,-7.0102224,1.0580186,1.0497719,1.2134838,0,3,8,22,183,93,Male
6580680954000.0,-4.4723687,13.67568,-0.5650316,1.6349808,1.0934488,1.3655893,0,3,8,22,183,93,Male
6580693087000.0,-4.0222588,13.148955,0.22984336,2.4727826,-0.62980205,1.3970488,0,3,8,22,183,93,Male
6580705580000.0,-2.9879637,13.512875,-1.3599066,2.9773571,-1.4453071,1.1716396,0,3,8,22,183,93,Male
6580718064000.0,-2.0111294,13.704411,-2.767697,3.0674598,-0.57818395,1.0348058,0,3,8,22,183,93,Male
6580730299000.0,0.58418524,14.748282,-1.9057846,2.9547553,1.0662653,0.86406887,0,3,8,22,183,93,Male
6580742729000.0,1.685518,15.150508,3.0550013,2.8817568,1.484708,0.9673051,0,3,8,22,183,93,Male
6580755138000.0,2.0685902,15.342045,8.619126,2.6762006,0.8136725,1.314582,0,3,8,22,183,93,Male
6580766343000.0,1.6089035,15.227123,10.007763,1.9706513,0.36193767,1.4581354,0,3,8,22,183,93,Male
6580778912000.0,-2.1547816,12.29662,6.0716953,1.0430524,0.84940815,1.4489723,0,3,8,22,183,93,Male
6580790087000.0,-2.7868507,10.927136,5.21936,0.5757405,1.4318681,1.2437216,0,3,8,22,183,93,Male
6580801400000.0,-2.920926,8.973468,3.5529952,0.10598512,1.6389514,1.1905763,0,3,8,22,183,93,Male
6580813932000.0,-3.7349546,6.991069,1.9153614,0.005192355,1.6230689,1.1029172,0,3,8,22,183,93,Male
6580823729000.0,-4.501099,6.579266,2.8538885,0.070249505,1.0577132,0.95478237,0,3,8,22,183,93,Male
6580834496000.0,-6.789956,6.4739213,3.8019924,-0.12767084,0.7296785,0.3417791,0,3,8,22,183,93,Male
6580844051000.0,-7.824251,5.535394,3.8594532,-0.19486602,0.46975538,0.18295415,0,3,8,22,183,93,Male
6580855764000.0,-6.885724,4.156334,1.982399,-0.063224554,0.7101309,0.25320363,0,3,8,22,183,93,Male
6580867803000.0,-2.96881,2.0590134,0.7469909,0.06963864,0.9993755,0.33322698,0,3,8,22,183,93,Male
6580879810000.0,-2.6144683,0.4405331,1.9249382,-0.33078352,0.36835176,-0.01985312,0,3,8,22,183,93,Male
6580890207000.0,-2.2409728,-0.8619126,2.1643584,-0.88606006,-0.26511553,-0.4111123,0,3,8,22,183,93,Male
6580899657000.0,-1.9919758,-1.7525556,1.388637,-1.4731015,-0.36468655,-0.71929383,0,3,8,22,183,93,Male
6580912125000.0,-1.685518,-1.7812861,0.5267244,-1.9688187,-0.36071593,-0.9505063,0,3,8,22,183,93,Male
6580922257000.0,-1.3982137,-0.8331822,0.4213795,-2.362216,-0.6942484,-1.3115277,0,3,8,22,183,93,Male
6580932198000.0,-1.2258313,0.6895301,0.9576807,-2.826779,-1.1682798,-1.8118263,0,3,8,22,183,93,Male
6580943953000.0,-1.3215994,2.9592333,5.4683566,-3.2675183,-0.39675698,-2.3353379,0,3,8,22,183,93,Male
6580954796000.0,-1.3311762,11.252748,0.29688102,-2.3866506,-0.21655174,-3.2268956,0,3,8,22,183,93,Male
6580964752000.0,-0.641646,15.399506,-1.5993267,-1.9168952,-0.37659842,-3.4016032,0,3,8,22,183,93,Male
6580974258000.0,0.22026655,17.468096,-1.292869,-1.813659,-0.038179077,-3.2100968,0,3,8,22,183,93,Male
6580985188000.0,5.861006,18.770542,-3.0262709,-1.4993688,1.0070114,-3.4315355,0,3,8,22,183,93,Male
6580995995000.0,8.552089,17.00841,-3.3327289,-1.2641857,2.4318545,-3.7119226,0,3,8,22,183,93,Male
6581006849000.0,11.645397,18.272547,-1.0055647,-1.0076222,3.2779028,-3.4633005,0,3,8,22,183,93,Male
6581017563000.0,10.007763,18.904617,4.453215,-0.8750645,1.5259414,-2.4743097,0,3,8,22,183,93,Male
6581028971000.0,0.78529817,19.220652,11.358093,-1.3961325,-1.3069462,-2.2782218,0,3,8,22,183,93,Male
6581039015000.0,-7.843405,19.383457,8.2169,-1.9165897,-2.3090706,-2.5677722,0,3,8,22,183,93,Male
6581049111000.0,-8.66701,19.460072,2.2601264,-2.1383338,-0.6001751,-2.1630738,0,3,8,22,183,93,Male
6581059387000.0,-7.3166804,19.498379,-0.7757214,-1.7321084,0.50915617,-1.674687,0,3,8,22,183,93,Male
6581069724000.0,-5.803545,17.99482,-0.7278373,-1.3075571,0.4202753,-1.459357,0,3,8,22,183,93,Male
6581079945000.0,-3.7062242,16.51999,0.22026655,-1.2238685,-0.15393804,-1.2843442,0,3,8,22,183,93,Male
6581090423000.0,-2.183512,15.016433,1.5035586,-1.0665708,-0.9599747,-1.2651019,0,3,8,22,183,93,Male
6581100416000.0,-0.78529817,13.8480625,1.9249382,-0.7602218,-1.751656,-1.1823297,0,3,8,22,183,93,Male
6581110329000.0,0.51714754,13.2351465,2.1547816,-0.5030475,-2.361605,-0.95569867,0,3,8,22,183,93,Male
6581120415000.0,1.9728222,12.928689,0.8810662,-0.3820962,-2.5384505,-0.5626069,0,3,8,22,183,93,Male
6581131323000.0,2.9783869,12.172121,-0.31603462,-0.36163223,-2.593123,-0.20769419,0,3,8,22,183,93,Male
6581142335000.0,4.309563,8.916007,-2.078167,-0.43310347,-2.4324653,0.036651913,0,3,8,22,183,93,Male
6581152406000.0,4.309563,8.916007,-1.9249382,-0.51343226,-1.9294178,0.35369098,0,3,8,22,183,93,Male
6581163668000.0,4.55856,3.323152,-1.1971009,-0.44684792,-1.713477,0.7440339,0,3,8,22,183,93,Male
6581173444000.0,3.9360676,0.78529817,-0.5746084,-0.32620203,-1.6438384,1.1392636,0,3,8,22,183,93,Male
6581184667000.0,3.4572272,-1.3982137,-0.4213795,-0.064446285,-1.3787229,1.756543,0,3,8,22,183,93,Male
6581194764000.0,2.327164,-2.8060043,-0.6799533,0.12522738,-1.1756102,2.0317378,0,3,8,22,183,93,Male
6581207481000.0,1.5227122,-3.4763808,-1.1779473,0.41233405,-0.7993172,2.2934935,0,3,8,22,183,93,Male
6581218054000.0,1.1300632,-3.217807,-1.340753,0.72387534,-0.26145032,2.4572055,0,3,8,22,183,93,Male
6581232422000.0,0.29688102,-1.1492168,-0.79487497,0.89736104,0.28680122,2.4254405,0,3,8,22,183,93,Male
6581242605000.0,-0.37349546,0.47884035,-0.7469909,0.79809546,0.20097467,2.2131648,0,3,8,22,183,93,Male
6581253799000.0,-1.6472107,1.7525556,-1.0726024,0.6621779,-0.03176499,1.5396858,0,3,8,22,183,93,Male
6581264775000.0,-3.6104562,2.9400797,-2.0207062,0.7104363,0.25992316,0.89919364,0,3,8,22,183,93,Male
6581274630000.0,-5.363012,4.185065,-3.1986535,0.7687739,1.2131784,0.14966199,0,3,8,22,183,93,Male
6581285252000.0,-5.506664,5.363012,-3.2082303,0.93584555,1.9028453,-0.45906523,0,3,8,22,183,93,Male
6581294797000.0,-4.7309427,5.717354,-1.9153614,1.1459832,2.2186625,-0.83108217,0,3,8,22,183,93,Male
6581307441000.0,-3.466804,5.094861,-0.6895301,1.3002267,2.3142629,-1.0836749,0,3,8,22,183,93,Male
6581318408000.0,-2.9496565,4.6830587,2.2026656,1.6154331,3.1068606,-1.3603969,0,3,8,22,183,93,Male
6581330251000.0,-1.0726024,6.4547677,7.9870567,1.5885551,2.654515,-1.8512272,0,3,8,22,183,93,Male
6581342398000.0,3.572149,9.193734,4.7309427,0.26267207,1.8301523,-1.9242256,0,3,8,22,183,93,Male
6581353971000.0,5.1810527,12.74673,1.3503298,-0.86498517,1.0067059,-1.039998,0,3,8,22,183,93,Male
6581363952000.0,7.038953,16.069881,-1.7142484,-0.816116,1.1016954,-0.27275133,0,3,8,22,183,93,Male
6581374148000.0,8.37013,17.803284,-5.1140146,-0.6411031,0.958753,0.44990227,0,3,8,22,183,93,Male
6581384638000.0,8.063671,17.391481,-7.785944,0.43401974,1.0867293,1.3161092,0,3,8,22,183,93,Male
6581395145000.0,5.305551,15.801731,-1.3024458,1.2614367,-1.0968086,1.8997909,0,3,8,22,183,93,Male
6581406690000.0,3.0933087,16.22311,3.064578,1.1542299,-3.0662382,2.5668557,0,3,8,22,183,93,Male
6581417729000.0,1.6184803,17.056293,3.9552212,0.66889745,-3.0454686,2.8136454,0,3,8,22,183,93,Male
6581429617000.0,-3.5434184,17.937359,-0.4213795,-0.7309003,-0.8381071,2.7782152,0,3,8,22,183,93,Male
6581439917000.0,-5.6790466,15.753847,-2.2026656,-1.2345587,-0.8332202,1.4721853,0,3,8,22,183,93,Male
6581450501000.0,-5.3821654,14.068329,-4.5394063,-0.65179324,-0.74097955,0.7199047,0,3,8,22,183,93,Male
6581459975000.0,-4.2521024,13.532028,-5.45878,0.35124752,-0.591623,0.6123924,0,3,8,22,183,93,Male
6581469927000.0,-2.719813,13.637373,-4.951209,1.2629639,-0.8078693,0.7654142,0,3,8,22,183,93,Male
6581480538000.0,-1.1587936,14.355634,-4.261679,1.8591684,-1.2092078,0.8713993,0,3,8,22,183,93,Male
6581491863000.0,0.17238252,14.748282,-3.5529952,2.1841488,-1.3203852,0.9477574,0,3,8,22,183,93,Male
6581504213000.0,0.93852705,14.499286,-3.3135753,2.5919013,-0.9104946,0.9975429,0,3,8,22,183,93,Male
6581513963000.0,0.94810385,14.135366,-3.0550013,3.0839531,-0.26725355,0.95294976,0,3,8,22,183,93,Male
6581524086000.0,-0.35434186,13.426683,-4.1371803,3.4150422,0.5021312,0.8359691,0,3,8,22,183,93,Male
6581534437000.0,-0.6799533,13.455414,-3.1411927,3.8863246,1.4095715,0.9224065,0,3,8,22,183,93,Male
6581544784000.0,-0.30645782,14.087482,1.2354081,4.034765,2.194228,1.0433578,0,3,8,22,183,93,Male
6581555413000.0,-0.37349546,15.428236,10.1226845,3.1942143,1.8683313,0.9633345,0,3,8,22,183,93,Male
6581567491000.0,0.545878,14.748282,10.764331,1.6169603,1.3017539,1.1795808,0,3,8,22,183,93,Male
6581579722000.0,0.05746084,12.641385,8.552089,0.5708536,1.1685852,1.5818355,0,3,8,22,183,93,Male
6581590078000.0,-0.095768064,10.764331,5.161899,0.15424347,1.2864822,1.6175711,0,3,8,22,183,93,Male
6581603942000.0,-1.6567876,8.322245,3.6391866,-0.19547687,1.5745052,1.3393221,0,3,8,22,183,93,Male
6581614964000.0,-5.889736,6.2249246,2.9496565,-0.42271876,1.6441438,1.1569787,0,3,8,22,183,93,Male
6581626174000.0,-8.293514,6.2249246,3.6583402,-0.3268129,1.4651603,0.83169305,0,3,8,22,183,93,Male
6581638264000.0,-7.929596,6.253655,4.003105,-0.33108896,1.5063937,0.5342017,0,3,8,22,183,93,Male
6581648549000.0,-6.5984197,5.544971,2.9496565,-0.44501534,1.1297953,0.57757306,0,3,8,22,183,93,Male
6581659025000.0,-4.7405195,4.1946416,1.7812861,-0.5180137,0.34513888,0.16798794,0,3,8,22,183,93,Male
6581668572000.0,-2.9879637,2.8538885,1.2258313,-0.6417139,0.09193522,-0.036957346,0,3,8,22,183,93,Male
6581680361000.0,-2.1739352,1.5514427,1.0821792,-1.2516629,-0.537256,-0.50671273,0,3,8,22,183,93,Male
6581693068000.0,-2.327164,-0.25857377,0.92895025,-1.5329664,-0.6585127,-0.79717916,0,3,8,22,183,93,Male
6581705470000.0,-2.2026656,-0.9959879,-1.13964,-1.9159788,-0.3998113,-1.0626001,0,3,8,22,183,93,Male
6581718109000.0,-2.1930888,-0.41180268,-1.2545617,-2.117259,-0.2666427,-1.2803736,0,3,8,22,183,93,Male
6581730352000.0,-2.2218192,0.8714894,-0.22984336,-2.4501805,-0.41355577,-1.7767016,0,3,8,22,183,93,Male
6581743022000.0,-1.982399,12.0571995,0.89064306,-2.9181032,-0.029626964,-2.1930063,0,3,8,22,183,93,Male
6581755418000.0,-1.1779473,15.179238,0.1436521,-1.9843957,-1.0577132,-2.7449229,0,3,8,22,183,93,Male
6581768054000.0,-0.7565677,15.849615,-1.3503298,-1.675298,-1.3096951,-2.7669141,0,3,8,22,183,93,Male
6581780391000.0,0.6703765,16.64449,-2.5953147,-1.5415184,-0.13133603,-3.4794884,0,3,8,22,183,93,Male
6581793062000.0,6.751649,18.071434,-4.960786,-1.5589281,0.82772243,-3.7281106,0,3,8,22,183,93,Male
6581805485000.0,9.586384,18.80885,-5.133168,-0.91446525,3.1682527,-2.9773571,0,3,8,22,183,93,Male
6581818060000.0,8.264784,19.172768,2.0685902,-0.25961772,1.3420709,-2.4028385,0,3,8,22,183,93,Male
6581830385000.0,-2.0015526,19.354727,8.475474,-0.016187929,-2.3796256,-3.0360003,0,3,8,22,183,93,Male
6581843070000.0,-10.5919485,19.498379,5.3725886,-1.4541647,-2.9443705,-2.38268,0,3,8,22,183,93,Male
6581855386000.0,-9.423578,19.517532,1.4460979,-1.7088956,-1.4291192,-1.5879441,0,3,8,22,183,93,Male
6581868066000.0,-6.847417,18.646044,0.22026655,-1.0989466,-1.3304645,-1.271516,0,3,8,22,183,93,Male
6581880326000.0,-4.7979803,13.9438305,-2.0207062,-0.87598073,-1.4703526,-1.2247849,0,3,8,22,183,93,Male
6581892868000.0,-1.0342951,12.813767,-2.1547816,-0.44043383,-1.4520267,-1.2660183,0,3,8,22,183,93,Male
6581908173000.0,0.7469909,12.363658,-1.0726024,0.473726,-1.8820758,-1.0320568,0,3,8,22,183,93,Male
6581919204000.0,2.3175871,12.765883,-0.50757074,0.8258898,-2.3774874,-0.61391956,0,3,8,22,183,93,Male
6581931211000.0,4.654328,10.630256,-1.8291701,0.70005155,-2.3386977,-0.33505958,0,3,8,22,183,93,Male
6581943938000.0,5.3342814,8.418014,-2.030283,0.28221974,-2.0665572,-0.12095132,0,3,8,22,183,93,Male
6581954004000.0,5.45878,5.90889,-1.8483237,0.1133155,-1.767844,0.106595986,0,3,8,22,183,93,Male
6581963272000.0,5.1906295,3.7253778,-1.436521,0.12156218,-1.5583172,0.26389378,0,3,8,22,183,93,Male
6581973320000.0,4.6351743,1.7525556,-0.6799533,0.24678956,-1.2394456,0.70646566,0,3,8,22,183,93,Male
6581983447000.0,3.9073372,-0.009576807,-0.39264908,0.45814893,-1.0885619,1.0836749,0,3,8,22,183,93,Male
6581993605000.0,3.169923,-0.9672575,-0.5363012,0.9007208,-0.50243664,1.5228871,0,3,8,22,183,93,Male
6582004541000.0,2.825158,-1.532289,-0.9672575,1.1988231,0.08032878,1.7220291,0,3,8,22,183,93,Male
6582014474000.0,2.777274,-1.532289,-0.78529817,1.2928963,0.8213083,1.8466456,0,3,8,22,183,93,Male
6582024158000.0,2.7006595,-1.3024458,0.22984336,1.1157454,1.099252,1.9715676,0,3,8,22,183,93,Male
6582034404000.0,2.528277,-0.6607997,2.0685902,0.6753115,0.6417139,1.9611828,0,3,8,22,183,93,Male
6582044447000.0,1.7046716,0.45010993,2.9879637,0.15607607,0.06078109,1.8075503,0,3,8,22,183,93,Male
6582055216000.0,-0.22984336,1.8195933,2.3942018,-0.2959642,-0.30390546,1.3707817,0,3,8,22,183,93,Male
6582066729000.0,-2.9400797,3.2848446,-0.16280572,-0.23457226,-0.09254608,0.7318166,0,3,8,22,183,93,Male
6582079703000.0,-7.1730285,6.885724,-4.55856,0.4007276,1.3775011,-0.2134974,0,3,8,22,183,93,Male
6582090319000.0,-7.1251445,6.6079965,-3.916914,0.80481493,1.9914207,-0.6218608,0,3,8,22,183,93,Male
6582100292000.0,-6.0046577,5.5162406,-2.4899697,1.1053606,2.1444426,-0.91874135,0,3,8,22,183,93,Male
6582110296000.0,-5.5641246,5.1906295,1.5610195,1.3411547,2.5870142,-1.1407908,0,3,8,22,183,93,Male
6582120979000.0,-1.9249382,7.929596,4.960786,1.9135354,2.493552,-1.525636,0,3,8,22,183,93,Male
6582131841000.0,0.4309563,9.768343,5.8801594,1.7757853,2.07572,-1.6841555,0,3,8,22,183,93,Male
6582142437000.0,1.9057846,11.099519,4.9320555,0.267559,1.4700472,-1.5601498,0,3,8,22,183,93,Male
6582152542000.0,3.41892,12.08593,2.1452048,-0.82833326,0.85154617,-1.3362677,0,3,8,22,183,93,Male
6582162961000.0,6.1195793,13.43626,-5.209783,-1.1942415,0.91874135,-0.6444628,0,3,8,22,183,93,Male
6582173110000.0,7.967903,16.242264,-9.797073,-0.07666359,1.8035797,0.43371433,0,3,8,22,183,93,Male
6582182890000.0,8.743625,17.429789,-6.090849,1.2232577,0.27000242,1.393689,0,3,8,22,183,93,Male
6582194271000.0,8.063671,17.975666,0.89064306,1.788308,-3.6935966,2.7449229,0,3,8,22,183,93,Male
6582205947000.0,4.2999864,18.693928,4.405331,1.0693196,-4.033543,3.3383787,0,3,8,22,183,93,Male
6582217750000.0,1.6663644,19.115307,4.2904096,-0.21533,-1.7907515,3.6398406,0,3,8,22,183,93,Male
6582230785000.0,-2.7389667,17.477673,-0.46926352,-1.6502525,-2.4275784,1.3371841,0,3,8,22,183,93,Male
6582243288000.0,-3.7828386,16.021997,-5.142745,-1.0210613,-1.5662584,0.92057395,0,3,8,22,183,93,Male
6582255951000.0,-3.3901896,11.415554,-5.6790466,0.2837469,-1.2012665,1.244027,0,3,8,22,183,93,Male
6582267687000.0,-2.5187001,10.94629,-5.0374002,1.4294246,-1.4379768,1.1468995,0,3,8,22,183,93,Male
6582280171000.0,-1.4556746,11.377247,-4.5872903,2.084883,-1.3930782,0.76144356,0,3,8,22,183,93,Male
6582292893000.0,-0.19153613,11.722012,-4.9703627,2.379931,-0.72234815,0.73823065,0,3,8,22,183,93,Male
6582304168000.0,1.3024458,13.40753,-4.1371803,2.8790078,0.17287487,0.8045095,0,3,8,22,183,93,Male
6582314795000.0,1.340753,13.781025,-1.7908629,3.0491338,0.46273044,0.8900307,0,3,8,22,183,93,Male
6582324695000.0,0.89064306,13.417107,1.6089035,3.2082644,0.40194935,1.0198395,0,3,8,22,183,93,Male
6582334913000.0,-0.23942018,13.158532,6.2632318,3.1645875,0.6453791,1.0708468,0,3,8,22,183,93,Male
6582345997000.0,-0.82360536,13.464991,7.8050976,2.499966,0.713796,1.1187997,0,3,8,22,183,93,Male
6582356637000.0,-0.89064306,13.503298,7.201759,1.6630806,0.6588182,1.5054774,0,3,8,22,183,93,Male
6582367658000.0,-1.5131354,12.29662,5.544971,1.196685,0.7504479,1.6255124,0,3,8,22,183,93,Male
6582379684000.0,-2.2697031,10.812215,4.012682,0.89949906,1.2308935,1.3686435,0,3,8,22,183,93,Male
6582392448000.0,-3.3997664,7.6710224,3.2944214,0.6542367,1.2568552,1.1588113,0,3,8,22,183,93,Male
6582404781000.0,-3.8881836,6.129156,3.2369606,0.07819075,1.2721269,0.97035944,0,3,8,22,183,93,Male
6582415214000.0,-4.8745947,5.707777,3.41892,-0.093767814,0.9859365,0.93951076,0,3,8,22,183,93,Male
6582426208000.0,-5.9184666,5.813122,3.6296098,0.093462385,0.8051204,0.6197228,0,3,8,22,183,93,Male
6582438081000.0,-5.8705826,5.3247046,3.5529952,-0.06963864,0.86193085,0.34422258,0,3,8,22,183,93,Male
6582448174000.0,-5.21936,4.5681367,2.384625,-0.23976462,0.86834496,0.21044308,0,3,8,22,183,93,Male
6582458919000.0,-4.405331,3.5817258,2.2505496,-0.20952678,0.77640975,-0.042760566,0,3,8,22,183,93,Male
6582468468000.0,-3.7732618,2.5570073,2.9879637,-0.4569272,0.35430184,-0.39858958,0,3,8,22,183,93,Male
6582479364000.0,-3.1794999,1.388637,3.3039982,-1.0732902,-0.37934732,-0.73456544,0,3,8,22,183,93,Male
6582489769000.0,-1.8770541,0.60333884,1.7717092,-1.4905112,-0.106901415,-0.72173727,0,3,8,22,183,93,Male
6582504933000.0,-0.4405331,0.22026655,-0.1436521,-1.8551978,-0.116980694,-1.022283,0,3,8,22,183,93,Male
6582524274000.0,-0.6512229,1.484405,4.280833,-2.3270912,-1.1588113,-1.9795089,0,3,8,22,183,93,Male
6582535209000.0,-0.15322891,10.515334,0.61291564,-2.377793,-0.8344419,-2.5540276,0,3,8,22,183,93,Male
6582545843000.0,0.58418524,15.02601,-2.0015526,-1.8851302,-1.2473868,-2.8225029,0,3,8,22,183,93,Male
6582556346000.0,0.8714894,17.286137,-1.934515,-2.0039434,-0.8350528,-2.8884764,0,3,8,22,183,93,Male
6582568014000.0,2.2984335,18.416199,-2.1739352,-1.8008307,0.09560041,-3.3038647,0,3,8,22,183,93,Male
6582579916000.0,6.3589997,14.796166,-4.003105,-0.8026769,2.1181753,-3.5463781,0,3,8,22,183,93,Male
6582592332000.0,7.8050976,17.171215,0.22984336,-0.23335053,2.5848763,-2.8044822,0,3,8,22,183,93,Male
6582604783000.0,5.9567738,18.358738,3.6391866,-0.852157,1.4440855,-2.3887885,0,3,8,22,183,93,Male
6582617344000.0,1.9728222,18.952501,8.2169,-1.1884383,-0.08246681,-2.701246,0,3,8,22,183,93,Male
6582630499000.0,-7.603985,19.393034,2.2505496,-1.7663169,-1.042747,-2.4123068,0,3,8,22,183,93,Male
6582642602000.0,-8.197746,18.23424,-1.9440918,-0.81336707,-0.30818152,-2.7097983,0,3,8,22,183,93,Male
6582656099000.0,-6.933608,16.548721,-2.2505496,0.103847094,0.8063421,-2.3722951,0,3,8,22,183,93,Male
6582667950000.0,-3.3614593,15.045163,1.1587936,0.12522738,0.2565634,-2.072971,0,3,8,22,183,93,Male
6582681203000.0,-1.3024458,14.767436,1.3120226,0.15790866,-1.174083,-1.7507398,0,3,8,22,183,93,Male
6582693201000.0,0.78529817,14.633361,0.8331822,0.22510384,-1.7531832,-1.2287555,0,3,8,22,183,93,Male
6582704654000.0,2.9592333,14.097059,0.59376204,0.22266038,-2.1685717,-0.4129449,0,3,8,22,183,93,Male
6582714897000.0,5.104438,13.953407,-0.79487497,0.05375614,-2.2321017,0.21044308,0,3,8,22,183,93,Male
6582726008000.0,6.751649,12.411542,-1.9440918,-0.063224554,-2.1093178,0.41325033,0,3,8,22,183,93,Male
6582737684000.0,7.469909,7.326257,-2.1452048,-0.40530908,-2.0314324,0.2660318,0,3,8,22,183,93,Male
6582748042000.0,6.4739213,5.257667,-2.0207062,-0.7684685,-1.7647897,0.3005457,0,3,8,22,183,93,Male
6582758527000.0,5.2480903,3.667917,-1.1587936,-0.72326446,-1.4547756,0.54367006,0,3,8,22,183,93,Male
6582768578000.0,4.1659107,2.336741,-0.842759,-0.5888741,-1.393689,0.8042041,0,3,8,22,183,93,Male
6582780423000.0,3.5338416,1.1013328,-1.043872,-0.2669481,-1.0085385,1.1447614,0,3,8,22,183,93,Male
6582792144000.0,3.0262709,0.06703765,-1.1971009,-0.010079277,-0.61208695,1.280679,0,3,8,22,183,93,Male
6582803429000.0,2.2888567,-0.58418524,-1.0630256,0.18570304,-0.1704314,1.4025466,0,3,8,22,183,93,Male
6582814995000.0,1.7621324,-1.1204864,-0.80445176,0.46731192,0.29260445,1.4715744,0,3,8,22,183,93,Male
6582824692000.0,1.5035586,-1.3024458,-0.5650316,0.47250426,0.6469063,1.4446963,0,3,8,22,183,93,Male
6582834809000.0,1.13964,-1.1300632,-0.19153613,0.40500367,0.56291234,1.2263119,0,3,8,22,183,93,Male
6582844986000.0,-0.641646,-0.45010993,-0.24899697,0.35338554,0.14080444,0.8197812,0,3,8,22,183,93,Male
6582856011000.0,-2.9592333,1.388637,-2.2601264,0.516792,0.22021692,0.464563,0,3,8,22,183,93,Male
6582865965000.0,-5.4204726,4.1276035,-3.821146,0.79809546,1.4853189,0.17012598,0,3,8,22,183,93,Male
6582875701000.0,-5.449203,5.0661306,-3.7732618,0.9584476,2.03693,-0.1740966,0,3,8,22,183,93,Male
6582886654000.0,-4.357447,4.644751,-3.2369606,0.95630956,1.5329664,-0.36987892,0,3,8,22,183,93,Male
6582896882000.0,-3.074155,3.715801,-2.3942018,0.86467975,1.185384,-0.42577308,0,3,8,22,183,93,Male
6582907474000.0,-1.6663644,2.7389667,-1.5227122,0.68630713,0.97585726,-0.3830125,0,3,8,22,183,93,Male
6582918006000.0,-1.7908629,4.3382936,3.7732618,0.7107417,0.8213083,-0.13225232,0,3,8,22,183,93,Male
6582929337000.0,-0.8810662,4.2904096,2.4133554,3.515224,-0.07727446,0.48349985,0,3,8,22,183,93,Male
6582939396000.0,0.33518824,4.510676,0.18195933,3.404352,1.3545936,0.15974127,0,3,8,22,183,93,Male
6582949811000.0,2.135628,11.003751,0.06703765,2.1084013,1.6636915,-0.07696902,0,3,8,22,183,93,Male
6582960327000.0,4.4340615,15.275007,0.6703765,-0.070554934,0.9642508,-0.22815818,0,3,8,22,183,93,Male
6582969976000.0,7.479486,17.410635,1.1013328,-1.9172006,-0.063224554,0.3323107,0,3,8,22,183,93,Male
6582980465000.0,9.509769,18.47366,1.532289,-2.101682,-1.1468995,1.1594223,0,3,8,22,183,93,Male
6582990345000.0,10.496181,14.767436,-1.685518,-1.3817772,-1.14018,1.642922,0,3,8,22,183,93,Male
6583001005000.0,9.423578,10.151415,-1.1587936,-0.44776422,-1.2260065,1.5479325,0,3,8,22,183,93,Male
6583013171000.0,3.7828386,11.779472,-3.3614593,-0.26267207,-1.781894,1.4162911,0,3,8,22,183,93,Male
6583028438000.0,1.8483237,13.464991,-4.759673,0.21105394,1.0036516,1.2904528,0,3,8,22,183,93,Male
6583038682000.0,0.7565677,14.393941,-4.6926355,-0.0018325958,1.9526308,1.2867876,0,3,8,22,183,93,Male
6583048038000.0,-0.4309563,14.863204,-4.357447,-0.10262536,2.0607538,1.25319,0,3,8,22,183,93,Male
6583057985000.0,-1.7908629,16.021997,-3.1316159,0.35155296,1.53205,1.2046263,0,3,8,22,183,93,Male
6583068451000.0,-3.1890767,16.318878,-2.336741,1.4892895,0.5882632,1.3939945,0,3,8,22,183,93,Male
6583080240000.0,-4.1180267,15.543158,-2.2697031,2.8893926,0.037873644,1.700038,0,3,8,22,183,93,Male
6583089541000.0,-4.2521024,15.246277,-2.767697,3.1710014,0.47586402,1.8875736,0,3,8,22,183,93,Male
6583099804000.0,-3.8786068,15.409082,-2.6910827,3.1511483,1.0793989,2.0909917,0,3,8,22,183,93,Male
6583109952000.0,-3.8019924,15.112201,-1.6184803,2.9529226,1.2840388,2.033876,0,3,8,22,183,93,Male
6583119928000.0,-4.261679,14.566323,0.10534488,2.7574458,0.93370754,1.8808541,0,3,8,22,183,93,Male
6583130904000.0,-4.8841715,12.258312,0.9672575,2.6780334,0.72784597,1.5005904,0,3,8,22,183,93,Male
6583142455000.0,-2.96881,12.421119,1.4460979,2.6535985,1.4321736,1.1560625,0,3,8,22,183,93,Male
6583153268000.0,-0.8619126,13.982138,4.4915223,2.7171285,2.2944098,1.1459832,0,3,8,22,183,93,Male
6583163578000.0,0.6895301,15.045163,8.42759,2.5720482,2.0451767,1.3020593,0,3,8,22,183,93,Male
6583173627000.0,0.30645782,13.934254,8.734048,1.8542814,1.2345587,1.4416419,0,3,8,22,183,93,Male
6583183895000.0,-1.0055647,12.162544,6.789956,0.8680395,1.0638218,1.4831808,0,3,8,22,183,93,Male
6583194094000.0,-1.9440918,10.630256,3.8115692,0.364992,1.4819591,1.4245378,0,3,8,22,183,93,Male
6583206046000.0,-3.3135753,8.695741,2.1452048,0.1881465,1.8469511,1.3225232,0,3,8,22,183,93,Male
6583225912000.0,-6.081272,6.8569937,2.030283,0.58123827,1.9358319,1.0714576,0,3,8,22,183,93,Male
6583237599000.0,-6.8665705,5.9184666,4.098873,0.22602014,1.4856243,0.6985244,0,3,8,22,183,93,Male
6583247544000.0,-6.9527617,4.76925,3.8402996,-0.18478674,1.320996,0.25778514,0,3,8,22,183,93,Male
6583257892000.0,-5.5737014,4.1371803,3.6870706,-0.20861048,1.0906999,0.09773844,0,3,8,22,183,93,Male
6583268314000.0,-4.0414124,1.8387469,3.0550013,-0.38698313,0.7128797,-0.1591304,0,3,8,22,183,93,Male
6583281657000.0,-2.9400797,0.5650316,2.183512,-1.03786,0.4550946,-0.5039638,0,3,8,22,183,93,Male
6583291905000.0,-1.9536686,0.33518824,1.7046716,-1.3445144,0.28221974,-0.7483099,0,3,8,22,183,93,Male
6583301997000.0,-1.0247183,0.7374141,0.7469909,-2.0809124,-0.04337143,-1.1047498,0,3,8,22,183,93,Male
6583314627000.0,-0.4213795,1.13964,0.61291564,-2.8258626,-0.6627888,-1.5824465,0,3,8,22,183,93,Male
6583324111000.0,-0.59376204,1.5514427,1.6280571,-2.96178,-1.2809844,-1.8576412,0,3,8,22,183,93,Male
6583335163000.0,-1.4556746,2.3175871,3.3039982,-2.8637362,-0.5543602,-1.997224,0,3,8,22,183,93,Male
6583344820000.0,-0.9576807,10.927136,-0.38307226,-2.3173172,-0.11453723,-2.8921416,0,3,8,22,183,93,Male
6583355189000.0,0.009576807,15.2367,-2.3463178,-1.9312505,-0.086132,-3.1187725,0,3,8,22,183,93,Male
6583364860000.0,1.1875241,17.391481,-2.27928,-2.2678373,0.32620203,-2.8044822,0,3,8,22,183,93,Male
6583376572000.0,4.6351743,16.64449,-4.673482,-2.1734586,0.9092729,-2.7061331,0,3,8,22,183,93,Male
6583387867000.0,6.694188,14.987702,-5.3247046,-1.6029104,2.0983222,-2.905886,0,3,8,22,183,93,Male
6583397569000.0,8.992621,17.266983,1.685518,-0.70952,2.9394836,-3.044247,0,3,8,22,183,93,Male
6583408007000.0,7.833828,18.406622,4.10845,-1.1658363,1.5253305,-2.2592852,0,3,8,22,183,93,Male
6583418366000.0,-1.5131354,18.971655,9.768343,-1.7208074,0.06719518,-1.8619173,0,3,8,22,183,93,Male
6583430152000.0,-6.7229185,19.258959,8.858546,-2.5250115,-2.1930063,-1.9486601,0,3,8,22,183,93,Male
6583439858000.0,-8.121132,19.40261,4.951209,-2.7033842,-1.6826283,-1.4074335,0,3,8,22,183,93,Male
6583452313000.0,-7.7572136,18.789696,1.340753,-2.323426,-1.2272283,-1.2803736,0,3,8,22,183,93,Male
6583464827000.0,-6.8282633,17.295713,-1.3311762,-1.3710871,-0.7761043,-1.2076806,0,3,8,22,183,93,Male
6583474738000.0,-5.6790466,15.763424,-1.9153614,-0.77304995,-0.8136725,-1.2956452,0,3,8,22,183,93,Male
6583493584000.0,-2.7485435,13.867216,0.22026655,-0.21166481,-1.6859881,-1.2965615,0,3,8,22,183,93,Male
6583504817000.0,1.0534488,12.842498,0.23942018,-0.070249505,-2.7094927,-1.0152581,0,3,8,22,183,93,Male
6583514192000.0,2.585738,12.344504,-0.79487497,-0.21960606,-3.2119296,-0.6933321,0,3,8,22,183,93,Male
6583524158000.0,3.8881836,11.051635,-2.815581,-0.3857614,-3.206737,-0.44959682,0,3,8,22,183,93,Male
6583534335000.0,4.8841715,8.858546,-3.6966474,-0.38637227,-2.6502388,-0.19364429,0,3,8,22,183,93,Male
6583544922000.0,5.2863975,6.167464,-2.6623523,-0.31429017,-2.4010057,0.086132,0,3,8,22,183,93,Male
6583554907000.0,5.2289367,3.6487634,-2.2984335,-0.30818152,-2.4480424,0.45631635,0,3,8,22,183,93,Male
6583564618000.0,4.759673,1.8100165,-1.9632454,-0.11759156,-2.3160956,0.8350528,0,3,8,22,183,93,Male
6583575594000.0,4.146757,0.545878,-2.1452048,0.11178834,-2.2128594,1.1844677,0,3,8,22,183,93,Male
6583585285000.0,3.5242648,-0.63206923,-3.0933087,0.44898596,-1.8267925,1.5409076,0,3,8,22,183,93,Male
6583595411000.0,3.2465374,-1.2162545,-3.6008794,0.90316427,-0.9111055,1.541213,0,3,8,22,183,93,Male
6583609227000.0,3.0550013,-1.1875241,-3.9552212,1.7305813,0.5726862,1.4468343,0,3,8,22,183,93,Male
6583618921000.0,2.633622,-0.8619126,-3.4955344,2.2275202,1.1374311,1.457219,0,3,8,22,183,93,Male
6583630210000.0,2.327164,-0.82360536,-2.4995465,2.4718661,1.3640621,1.412015,0,3,8,22,183,93,Male
6583639821000.0,1.9919758,-1.6280571,-0.20111294,2.2412646,1.5106697,1.2507466,0,3,8,22,183,93,Male
6583649621000.0,-0.1436521,-3.6487634,4.855441,1.0241156,1.2681563,0.3747658,0,3,8,22,183,93,Male
6583659702000.0,-3.4284968,-3.2273839,8.101978,-0.77366084,0.93462384,-0.81306165,0,3,8,22,183,93,Male
6583672217000.0,-3.916914,4.1659107,2.566584,-1.3078625,0.9370673,-1.2067643,0,3,8,22,183,93,Male
6583683137000.0,-2.4420857,6.205771,-0.12449849,-0.88361657,1.2327261,-1.0070114,0,3,8,22,183,93,Male
6583693025000.0,-1.5801731,6.0046577,-0.7661445,-0.18845193,1.5647314,-0.63316184,0,3,8,22,183,93,Male
6583704054000.0,-0.91937345,6.196194,1.4077905,0.016187929,1.613906,-0.79809546,0,3,8,22,183,93,Male
6583713657000.0,0.9768343,5.353435,-0.019153614,0.071776666,1.2702943,-1.0781772,0,3,8,22,183,93,Male
6583723807000.0,1.5705963,4.7405195,-0.6895301,-0.2434298,0.84635377,-1.5723672,0,3,8,22,183,93,Male
6583734595000.0,1.9440918,4.644751,-0.8810662,-0.40133846,0.6658431,-1.4666874,0,3,8,22,183,93,Male
6583744271000.0,2.834735,6.090849,-1.7142484,-0.27672195,0.945314,-1.1407908,0,3,8,22,183,93,Male
6583755366000.0,4.31914,11.061212,-2.9592333,-0.56138515,1.4504995,-0.19730948,0,3,8,22,183,93,Male
6583767478000.0,6.6367273,15.303738,-3.9360676,-0.9621128,1.7385225,1.8234328,0,3,8,22,183,93,Male
6583780433000.0,7.6710224,17.420212,-2.4995465,-0.729984,0.13561209,3.7675114,0,3,8,22,183,93,Male
6583790928000.0,4.0318356,18.885464,0.08619126,-0.40378192,-0.8399397,2.947425,0,3,8,22,183,93,Male
6583803536000.0,2.9017725,19.211075,3.1411927,0.8567385,-4.2195516,2.2119431,0,3,8,22,183,93,Male
6583814641000.0,1.5131354,18.693928,-0.34476504,1.9361374,-7.091229,1.638646,0,3,8,22,183,93,Male
6583828568000.0,-0.5363012,18.05228,-6.5505357,3.0424144,-4.624555,1.1948525,0,3,8,22,183,93,Male
6583839182000.0,-1.5705963,15.275007,-6.2823853,3.4968982,0.049480084,1.5375478,0,3,8,22,183,93,Male
6583849266000.0,-2.0207062,13.254301,-3.715801,3.0109549,1.7058412,1.1206323,0,3,8,22,183,93,Male
6583859756000.0,-1.8387469,12.50731,-1.6184803,2.575408,1.9963076,0.625526,0,3,8,22,183,93,Male
6583869915000.0,-0.92895025,13.809755,-1.3311762,2.6933048,1.8933768,0.5317582,0,3,8,22,183,93,Male
6583881628000.0,-0.23942018,15.016433,-3.41892,3.2107077,1.9468275,0.6814202,0,3,8,22,183,93,Male
6583891387000.0,0.51714754,15.313314,0.40222588,4.126089,2.068695,0.9007208,0,3,8,22,183,93,Male
6583904273000.0,0.5267244,15.667656,7.489063,4.233296,0.44532076,0.8915578,0,3,8,22,183,93,Male
6583914872000.0,-0.25857377,16.290148,11.224017,2.549446,0.7107417,0.990518,0,3,8,22,183,93,Male
6583925843000.0,0.37349546,16.021997,7.52737,1.1233811,1.1484267,1.6728544,0,3,8,22,183,93,Male
6583938763000.0,-2.7006595,12.0571995,6.167464,0.86132,0.50671273,1.736079,0,3,8,22,183,93,Male
6583948706000.0,-3.821146,10.601525,3.9073372,0.70066243,1.2840388,1.5335772,0,3,8,22,183,93,Male
6583959846000.0,-5.2863975,8.1402855,1.9728222,0.4990769,1.6557503,1.402852,0,3,8,22,183,93,Male
6583969705000.0,-6.655881,7.0964136,2.0398598,0.38881573,1.6823229,1.2195925,0,3,8,22,183,93,Male
6583981402000.0,-7.5561004,7.5944076,3.083732,0.26267207,1.2336423,1.0983357,0,3,8,22,183,93,Male
6583992540000.0,-7.0485296,7.086837,3.3997664,0.0852157,0.9202685,0.82833326,0,3,8,22,183,93,Male
6584004669000.0,-6.6750345,5.209783,3.3518825,-0.03726278,0.29993483,0.5015204,0,3,8,22,183,93,Male
6584014419000.0,-5.3821654,3.6296098,2.7964275,-0.090713486,0.076052725,0.108123146,0,3,8,22,183,93,Male
6584024749000.0,-4.3478703,2.5187001,2.4516625,-0.4092797,-0.19211712,-0.43371433,0,3,8,22,183,93,Male
6584035000000.0,-2.7006595,2.2122424,2.2026656,-0.7153232,-0.5152648,-0.65484756,0,3,8,22,183,93,Male
6584046138000.0,-0.34476504,1.2162545,1.9057846,-0.9080512,-0.8594874,-0.61850107,0,3,8,22,183,93,Male
6584058188000.0,-0.2873042,0.22984336,0.90979666,-1.2113458,-0.91354895,-0.72082096,0,3,8,22,183,93,Male
6584068296000.0,-0.91937345,-1.13964,-0.31603462,-1.5213599,-0.6160576,-0.7987063,0,3,8,22,183,93,Male
6584078748000.0,-0.9576807,-1.0726024,-0.40222588,-1.8942931,-0.3820962,-1.2993103,0,3,8,22,183,93,Male
6584089250000.0,-1.0726024,-0.5746084,0.78529817,-2.3441954,-0.4801401,-1.7901406,0,3,8,22,183,93,Male
6584098847000.0,-1.1204864,7.4986396,-0.17238252,-2.7605,0.16829337,-2.2476788,0,3,8,22,183,93,Male
6584109899000.0,0.34476504,13.522451,-1.7812861,-2.200642,-0.02687807,-2.576935,0,3,8,22,183,93,Male
6584121097000.0,1.2354081,16.529568,-1.3024458,-2.3435845,-0.34391713,-2.5964828,0,3,8,22,183,93,Male
6584131719000.0,3.1316159,18.033127,-1.6567876,-2.6080892,0.2134974,-2.4620924,0,3,8,22,183,93,Male
6584142814000.0,4.7979803,17.640478,-1.2258313,-2.1401663,0.8384125,-2.7290404,0,3,8,22,183,93,Male
6584153652000.0,6.9144545,15.380352,-2.2026656,-1.5149459,1.8118263,-3.1893275,0,3,8,22,183,93,Male
6584163743000.0,7.067683,14.537593,-1.5897499,-1.0274754,2.0347922,-3.5692856,0,3,8,22,183,93,Male
6584174092000.0,6.943185,18.2917,1.388637,-1.6917913,1.0458013,-2.3099868,0,3,8,22,183,93,Male
6584183894000.0,-4.2904096,18.914194,5.985504,-2.019215,-0.44318274,-2.2284365,0,3,8,22,183,93,Male
6584194000000.0,-7.824251,19.230228,5.66947,-2.1365013,-2.07572,-2.8805351,0,3,8,22,183,93,Male
6584205470000.0,-7.9391727,19.383457,1.8866309,-2.4471262,-1.5656476,-2.1856759,0,3,8,22,183,93,Male
6584214967000.0,-6.9144545,18.406622,-0.40222588,-2.3393085,-0.6563747,-1.7403551,0,3,8,22,183,93,Male
6584228618000.0,-4.7788267,16.883911,-1.0151415,-1.9162843,-0.42394048,-1.4908166,0,3,8,22,183,93,Male
6584239828000.0,-3.0358477,15.44739,-0.10534488,-1.2993103,-1.5106697,-1.2263119,0,3,8,22,183,93,Male
6584250808000.0,-1.6376339,14.4609785,-0.2681506,-0.97158116,-2.3139575,-1.2547172,0,3,8,22,183,93,Male
6584264548000.0,2.2026656,14.384364,-0.8714894,-0.7079928,-2.8753426,-0.8552113,0,3,8,22,183,93,Male
6584274143000.0,3.6583402,13.924677,-2.0111294,-0.40775254,-3.3371568,-0.3203988,0,3,8,22,183,93,Male
6584284477000.0,4.55856,12.382812,-3.7349546,-0.26389378,-3.1731396,0.0693332,0,3,8,22,183,93,Male
6584294229000.0,4.855441,9.969456,-4.1946416,-0.22510384,-2.477975,0.35369098,0,3,8,22,183,93,Male
6584306303000.0,4.405331,7.489063,-3.5242648,-0.26725355,-1.9795089,0.7141015,0,3,8,22,183,93,Male
6584317643000.0,3.8019924,4.7022123,-2.6527755,-0.39003745,-1.8203784,1.0308352,0,3,8,22,183,93,Male
6584329654000.0,3.217807,2.3080103,-1.5801731,-0.3173445,-1.7510452,1.3261884,0,3,8,22,183,93,Male
6584339764000.0,2.825158,-0.22026655,-1.2354081,-0.04917465,-1.7098118,1.4660766,0,3,8,22,183,93,Male
6584350977000.0,2.1452048,-3.3327289,-2.030283,0.3622431,-1.352761,1.3319917,0,3,8,22,183,93,Male
6584362988000.0,2.2218192,-3.4093432,-2.3558946,0.95081174,-0.86620694,1.2336423,0,3,8,22,183,93,Male
6584373261000.0,2.0590134,-2.9496565,-2.432509,1.3665055,-0.2302962,1.1872166,0,3,8,22,183,93,Male
6584383848000.0,1.6663644,-2.8060043,-1.7812861,1.649947,0.32742378,1.1594223,0,3,8,22,183,93,Male
6584394441000.0,1.2066777,-2.7581203,-1.0726024,1.4947872,0.39492437,0.9896017,0,3,8,22,183,93,Male
6584406223000.0,0.4213795,-2.5761611,-0.29688102,1.2986995,0.3717115,0.7247916,0,3,8,22,183,93,Male
6584417588000.0,-2.327164,-3.1028855,1.6663644,0.89827734,1.0848967,0.14844026,0,3,8,22,183,93,Male
6584428711000.0,-5.3821654,-1.4939818,3.0071173,-0.5720753,2.28036,-0.9379836,0,3,8,22,183,93,Male
6584440319000.0,-3.9264908,4.759673,1.3982137,-0.6041457,2.17804,-1.1212431,0,3,8,22,183,93,Male
6584453539000.0,-2.1164744,5.0374002,-0.22984336,-0.21746802,1.8661933,-1.0852021,0,3,8,22,183,93,Male
6584467482000.0,-0.842759,4.5298295,-0.9576807,0.36010507,1.7394388,-1.2635747,0,3,8,22,183,93,Male
6584479688000.0,3.9935284,7.1826053,0.59376204,0.9440922,1.2095132,-1.8368717,0,3,8,22,183,93,Male
6584491003000.0,4.098873,8.197746,0.91937345,1.2049317,1.5855007,-1.5943583,0,3,8,22,183,93,Male
6584502306000.0,2.882619,8.24563,1.2066777,0.4260785,1.5467108,-1.2858714,0,3,8,22,183,93,Male
6584517378000.0,3.3327289,9.921572,-1.0151415,0.18661933,1.2669345,-0.990518,0,3,8,22,183,93,Male
6584529784000.0,5.583278,16.328455,-4.7309427,-0.3145956,1.717753,0.6731735,0,3,8,22,183,93,Male
6584539823000.0,6.5122285,17.937359,-4.2521024,-0.34483343,1.3038919,2.0289888,0,3,8,22,183,93,Male
6584553608000.0,4.9895163,18.741812,-1.9632454,-0.5128214,0.81306165,2.6028967,0,3,8,22,183,93,Male
6584564379000.0,3.7732618,19.144037,3.6008794,0.08735373,-3.5805867,3.5860844,0,3,8,22,183,93,Male
6584574768000.0,2.5378537,19.34515,4.0318356,0.41386122,-6.2195244,3.2519412,0,3,8,22,183,93,Male
6584585979000.0,1.3503298,19.191921,2.1930888,0.84849185,-7.1874404,2.1493294,0,3,8,22,183,93,Male
6584597047000.0,-2.8443117,15.734694,-10.697293,1.6514742,-4.181067,0.8958339,0,3,8,22,183,93,Male
6584607992000.0,-3.821146,14.049175,-9.844957,2.9706378,-1.3579534,0.56046885,0,3,8,22,183,93,Male
6584618632000.0,-3.8881836,12.74673,-7.2783732,3.3432655,0.6188065,0.4373795,0,3,8,22,183,93,Male
6584629667000.0,-3.323152,12.660539,-4.9895163,3.239724,1.9159788,0.48288897,0,3,8,22,183,93,Male
6584639253000.0,-1.9440918,14.374787,-3.8498764,3.445891,2.3316727,0.7861836,0,3,8,22,183,93,Male
6584649302000.0,-1.0534488,15.907076,-2.6431987,3.9538252,2.6716192,1.02717,0,3,8,22,183,93,Male
6584659983000.0,-0.51714754,15.9262295,1.2449849,4.3484445,2.1297817,0.78954333,0,3,8,22,183,93,Male
6584672406000.0,0.6512229,15.016433,8.66701,4.3838744,1.4895949,0.5131268,0,3,8,22,183,93,Male
6584682239000.0,1.8195933,14.4130945,13.22557,2.9455922,0.93431836,0.7825184,0,3,8,22,183,93,Male
6584693102000.0,2.6623523,14.12579,12.038046,1.4969252,0.5308419,1.527774,0,3,8,22,183,93,Male
6584704818000.0,0.8619126,12.0093155,9.193734,0.66706485,0.03481932,1.6856827,0,3,8,22,183,93,Male
6584714809000.0,-0.94810385,10.745177,4.9224787,0.7125743,0.94897914,1.488984,0,3,8,22,183,93,Male
6584725430000.0,-3.1507695,9.040505,2.1260512,0.55924714,1.4517213,1.4199562,0,3,8,22,183,93,Male
6584735309000.0,-4.0892963,6.9719152,1.6184803,0.31673363,1.4877623,1.2421945,0,3,8,22,183,93,Male
6584745266000.0,-5.1140146,5.66947,1.8387469,0.2724459,1.5622878,1.0708468,0,3,8,22,183,93,Male
6584756819000.0,-6.4643445,5.746084,4.098873,0.34422258,1.5647314,0.7761043,0,3,8,22,183,93,Male
6584767359000.0,-6.6175733,5.2289367,4.453215,0.121256754,1.2266175,0.42180246,0,3,8,22,183,93,Male
6584777026000.0,-5.7748146,4.3861775,2.72939,-0.01740966,0.9611965,0.31245756,0,3,8,22,183,93,Male
6584788713000.0,-4.1659107,3.5338416,1.6184803,0.14508049,0.98868537,0.18845193,0,3,8,22,183,93,Male
6584799146000.0,-2.815581,2.6431987,1.8674773,-0.21197024,0.4813618,-0.04642576,0,3,8,22,183,93,Male
6584808654000.0,-2.078167,1.6184803,2.087744,-0.44837508,0.16462818,-0.16340645,0,3,8,22,183,93,Male
6584818716000.0,-1.8100165,0.23942018,1.6184803,-1.1997393,-0.21105394,-0.41813725,0,3,8,22,183,93,Male
6584830087000.0,-2.0494366,-0.5746084,0.6607997,-1.5867225,-0.16065755,-0.6817256,0,3,8,22,183,93,Male
6584839826000.0,-2.2409728,-0.8619126,-0.41180268,-1.8866574,-0.0983493,-0.97524637,0,3,8,22,183,93,Male
6584851315000.0,-2.528277,-0.62249243,-0.2681506,-2.13925,-0.21502456,-1.4437801,0,3,8,22,183,93,Male
6584863516000.0,-3.6104562,10.007763,1.3120226,-2.6655104,0.009468411,-1.9981402,0,3,8,22,183,93,Male
6584873483000.0,-1.532289,14.777013,1.1587936,-3.2275066,0.45142943,-2.627637,0,3,8,22,183,93,Male
6584883888000.0,0.7374141,17.161638,-0.25857377,-2.4162774,-0.7996226,-3.0708196,0,3,8,22,183,93,Male
6584893741000.0,2.7485435,18.349161,-0.93852705,-2.3530529,-0.6435465,-2.921463,0,3,8,22,183,93,Male
6584906262000.0,4.4436383,16.893488,-3.083732,-1.7281377,0.54611355,-2.7097983,0,3,8,22,183,93,Male
6584917638000.0,5.6215854,13.618219,-2.7964275,-1.2565498,2.1148155,-3.2045991,0,3,8,22,183,93,Male
6584928840000.0,5.9280434,14.374787,-0.5267244,-1.4422529,1.6878207,-3.5311065,0,3,8,22,183,93,Male
6584942378000.0,4.5298295,18.253393,2.6527755,-1.8765781,0.7284568,-2.7989845,0,3,8,22,183,93,Male
6584954835000.0,-4.146757,18.89504,6.196194,-1.5244142,-1.5375478,-2.9068022,0,3,8,22,183,93,Male
6584967404000.0,-6.9623384,19.220652,5.2385135,-1.8390098,-1.9291124,-2.3237314,0,3,8,22,183,93,Male
6584979817000.0,-6.933608,19.383457,2.7102363,-2.0674734,-0.98837996,-1.4877623,0,3,8,22,183,93,Male
6584989460000.0,-5.267244,19.019539,0.5650316,-1.8738291,-0.72387534,-1.1866057,0,3,8,22,183,93,Male
6584999365000.0,-3.3423057,17.171215,0.51714754,-1.6151277,-1.1899655,-0.9789116,0,3,8,22,183,93,Male
6585009938000.0,-1.5993267,15.562311,0.45010993,-1.1481212,-1.928807,-0.9443977,0,3,8,22,183,93,Male
6585021347000.0,0.82360536,14.001291,0.63206923,-0.63499445,-2.7598891,-0.97341377,0,3,8,22,183,93,Male
6585031937000.0,2.2601264,13.589489,-0.5363012,-0.23701571,-3.118467,-0.70463306,0,3,8,22,183,93,Male
6585041944000.0,3.1603463,12.555194,-1.8866309,-0.048258353,-3.1829133,-0.44929138,0,3,8,22,183,93,Male
6585056017000.0,3.916914,10.793061,-3.217807,-0.073303826,-2.7418687,0.04337143,0,3,8,22,183,93,Male
6585069021000.0,4.663905,8.39886,-4.414908,-0.0021380284,-1.4740179,0.59131753,0,3,8,22,183,93,Male
6585081947000.0,4.0701427,3.763685,-2.5761611,0.1740966,-1.2727377,1.1294898,0,3,8,22,183,93,Male
6585093492000.0,3.5051112,1.3120226,-1.7525556,0.24037547,-1.0940597,1.5283848,0,3,8,22,183,93,Male
6585104655000.0,3.1603463,-0.6703765,-1.0151415,0.51007247,-0.8136725,1.6801848,0,3,8,22,183,93,Male
6585114017000.0,3.217807,-2.231396,-0.9672575,0.61636305,-0.5299256,1.5335772,0,3,8,22,183,93,Male
6585124091000.0,3.6104562,-2.7581203,-1.6376339,0.93859446,0.06841691,1.3652838,0,3,8,22,183,93,Male
6585134281000.0,3.86903,-2.1930888,-1.5993267,1.3341297,0.45631635,1.3316863,0,3,8,22,183,93,Male
6585144301000.0,3.8402996,-1.3120226,-0.8619126,1.4666874,0.63224554,1.349096,0,3,8,22,183,93,Male
6585155570000.0,3.2944214,-0.39264908,0.39264908,1.2913691,0.47403142,1.35551,0,3,8,22,183,93,Male
6585164870000.0,2.2409728,0.34476504,1.0726024,0.8894198,0.41416663,1.1997393,0,3,8,22,183,93,Male
6585175295000.0,-0.095768064,1.1779473,1.292869,0.39492437,0.50823987,0.65240407,0,3,8,22,183,93,Male
6585185996000.0,-3.0550013,2.5761611,0.37349546,-0.03481932,1.0118983,-0.0983493,0,3,8,22,183,93,Male
6585195860000.0,-4.175488,4.7788267,-1.292869,-0.1881465,1.7324139,-0.41691554,0,3,8,22,183,93,Male
6585207762000.0,-4.280833,5.267244,-2.1452048,0.042455133,1.9126191,-0.50885075,0,3,8,22,183,93,Male
6585218330000.0,-2.9783869,3.86903,-2.9113493,0.28802297,1.8506162,-0.66798115,0,3,8,22,183,93,Male
6585228784000.0,-1.8674773,2.5091233,-2.767697,0.44073927,2.259896,-0.84329945,0,3,8,22,183,93,Male
6585239259000.0,-1.5514427,1.3311762,-0.6991069,0.5766568,2.7192667,-0.91782504,0,3,8,22,183,93,Male
6585249022000.0,0.9672575,2.0494366,1.13964,0.95447695,2.5986207,-1.14018,0,3,8,22,183,93,Male
6585259628000.0,3.5913026,4.0701427,2.4612393,0.9746355,2.7748554,-1.4483615,0,3,8,22,183,93,Male
6585269842000.0,3.9073372,6.4260373,3.016694,0.39920044,2.4275784,-1.713477,0,3,8,22,183,93,Male
6585280725000.0,4.5298295,10.055647,1.7717092,0.25595254,1.6777414,-1.8102992,0,3,8,22,183,93,Male
6585292954000.0,6.081272,14.796166,-0.15322891,-0.006414085,1.1575897,-1.1691961,0,3,8,22,183,93,Male
6585304605000.0,7.297527,17.171215,-1.8866309,-0.453262,0.62980205,0.6646214,0,3,8,22,183,93,Male
6585315817000.0,6.033388,18.952501,-3.2082303,-0.5158757,-0.026572637,2.0018053,0,3,8,22,183,93,Male
6585325994000.0,5.3247046,19.249382,-0.7661445,0.37720928,-1.4770721,3.2314773,0,3,8,22,183,93,Male
6585336294000.0,3.2752678,19.393034,1.0821792,0.9068295,-2.9336803,3.7717874,0,3,8,22,183,93,Male
6585346573000.0,0.8331822,19.450495,0.19153613,0.72234815,-3.5188892,3.5866952,0,3,8,22,183,93,Male
6585356724000.0,-2.920926,15.98369,-4.6255975,0.71685034,-2.840218,2.9608638,0,3,8,22,183,93,Male
6585366901000.0,-3.9935284,14.250289,-6.943185,0.72692966,-1.0424415,1.3979651,0,3,8,22,183,93,Male
6585377104000.0,-4.213795,13.627796,-7.1634517,1.0048733,0.50762904,0.7892379,0,3,8,22,183,93,Male
6585387330000.0,-3.9264908,13.828909,-5.2480903,1.4251486,1.3286319,0.82558435,0,3,8,22,183,93,Male
6585397886000.0,-3.9456444,14.384364,-2.7102363,2.098933,0.96791595,1.1655309,0,3,8,22,183,93,Male
6585408000000.0,-3.8498764,15.08347,-1.7142484,2.9993484,-0.27122417,1.4749341,0,3,8,22,183,93,Male
6585418357000.0,-3.2465374,15.045163,-2.681506,3.4972036,-1.0476339,1.6187929,0,3,8,22,183,93,Male
6585429624000.0,-2.6910827,14.700398,-3.6966474,3.9348884,-0.45204028,1.4214834,0,3,8,22,183,93,Male
6585442383000.0,-2.3942018,15.035586,-2.1164744,3.9898663,0.6065892,1.0201449,0,3,8,22,183,93,Male
6585452477000.0,-2.030283,15.68681,2.834735,3.7583485,1.7950275,0.9819659,0,3,8,22,183,93,Male
6585465127000.0,1.091756,15.322891,11.980585,1.8206838,1.0170907,1.1972959,0,3,8,22,183,93,Male
6585475223000.0,1.2258313,13.9917145,9.155427,1.2232577,0.34238997,1.486846,0,3,8,22,183,93,Male
6585487554000.0,-0.16280572,12.497733,6.445191,0.8249735,0.48075095,1.4202617,0,3,8,22,183,93,Male
6585497964000.0,-0.4213795,11.15698,3.9743748,0.47036624,1.0974194,1.3344351,0,3,8,22,183,93,Male
6585509153000.0,-1.0342951,9.394848,2.5761611,0.28221974,1.5937474,1.2718215,0,3,8,22,183,93,Male
6585518694000.0,-2.4420857,8.24563,2.5378537,0.18203785,1.3356569,1.2357804,0,3,8,22,183,93,Male
6585531803000.0,-4.5298295,7.1251445,3.6391866,-0.06627888,0.90224797,0.8402451,0,3,8,22,183,93,Male
6585542935000.0,-7.3645644,5.056554,4.644751,-0.121256754,0.689056,0.65026605,0,3,8,22,183,93,Male
6585552407000.0,-7.393295,3.9360676,2.96881,-0.064446285,0.25045475,0.49388456,0,3,8,22,183,93,Male
6585564470000.0,-6.291962,2.930503,1.340753,-0.18234327,0.19181168,0.0421497,0,3,8,22,183,93,Male
6585575284000.0,-4.405331,1.9440918,0.78529817,-0.51068336,-0.055588737,-0.344528,0,3,8,22,183,93,Male
6585585177000.0,-3.016694,0.6703765,0.7278373,-0.9236283,-0.3631594,-0.61178154,0,3,8,22,183,93,Male
6585594861000.0,-2.0685902,-0.6991069,0.48841715,-1.2739595,-0.4361578,-0.8179486,0,3,8,22,183,93,Male
6585606742000.0,-1.1587936,-1.4077905,-0.1436521,-1.6398678,-0.008857546,-0.8717047,0,3,8,22,183,93,Male
6585617514000.0,-1.043872,-1.2641385,-0.2777274,-1.9911152,0.30818152,-1.0054842,0,3,8,22,183,93,Male
6585628896000.0,-0.9672575,-0.6895301,-0.076614454,-2.5583036,0.40408736,-1.4364496,0,3,8,22,183,93,Male
6585642414000.0,-0.8810662,6.7133417,3.2465374,-2.9239066,0.18997909,-1.9193386,0,3,8,22,183,93,Male
6585654438000.0,0.05746084,13.081918,0.22984336,-2.1743748,0.08277224,-2.5714374,0,3,8,22,183,93,Male
6585664586000.0,0.90021986,16.050728,0.12449849,-1.745242,-0.4297437,-2.7226264,0,3,8,22,183,93,Male
6585675741000.0,1.1013328,16.931795,-1.283292,-2.13925,-0.8567385,-2.6193902,0,3,8,22,183,93,Male
6585687619000.0,2.1930888,17.774553,-2.9496565,-1.7165314,-0.07360926,-2.9208522,0,3,8,22,183,93,Male
6585697822000.0,4.3861775,18.65562,-3.2752678,-1.3313808,1.1029172,-3.1059444,0,3,8,22,183,93,Male
6585708134000.0,4.855441,16.883911,-3.6870706,-1.3387111,2.0955732,-3.3102787,0,3,8,22,183,93,Male
6585718549000.0,6.2249246,18.215086,-2.135628,-1.3472633,1.7192802,-2.6557367,0,3,8,22,183,93,Male
6585730454000.0,-5.00867,19.211075,9.030929,-1.1753048,-0.732122,-1.8231273,0,3,8,22,183,93,Male
6585742725000.0,-9.557653,19.37388,9.270349,-1.244638,-2.5964828,-2.6612344,0,3,8,22,183,93,Male
6585754990000.0,-9.088389,19.460072,5.0374002,-2.4523184,-1.7446312,-1.6975945,0,3,8,22,183,93,Male
6585766292000.0,-7.201759,19.498379,2.4612393,-2.1267273,-1.4196508,-1.2983941,0,3,8,22,183,93,Male
6585777146000.0,-4.7309427,18.195932,1.1875241,-1.6948457,-1.5995506,-0.9288206,0,3,8,22,183,93,Male
6585788051000.0,-1.9632454,13.828909,-1.3311762,-1.2125676,-2.104736,-0.9621128,0,3,8,22,183,93,Male
6585798002000.0,-0.4213795,12.469003,-2.1068976,-0.56382865,-2.398257,-1.1695015,0,3,8,22,183,93,Male
6585808812000.0,1.3694834,12.29662,-2.1164744,0.25961772,-2.6148088,-0.8915578,0,3,8,22,183,93,Male
6585818461000.0,3.2752678,12.08593,-2.7389667,0.38423425,-2.899472,-0.72418076,0,3,8,22,183,93,Male
6585830470000.0,4.7022123,11.434708,-3.4763808,0.47739118,-2.7449229,-0.32070425,0,3,8,22,183,93,Male
6585842437000.0,5.2863975,9.710882,-3.6966474,0.27885997,-2.1325307,0.070554934,0,3,8,22,183,93,Male
6585853894000.0,5.0278234,7.019799,-3.1316159,-0.122478485,-1.6245961,0.5412266,0,3,8,22,183,93,Male
6585867338000.0,3.9935284,2.336741,-1.3694834,-0.2574797,-1.5806139,0.89736104,0,3,8,22,183,93,Male
6585880121000.0,3.7924154,0.22984336,-1.0342951,0.038179077,-1.1863003,1.2843442,0,3,8,22,183,93,Male
6585892442000.0,3.8786068,-1.283292,-1.5035586,0.35796702,-0.8454375,1.3154984,0,3,8,22,183,93,Male
6585903985000.0,4.146757,-2.1164744,-2.2218192,1.0183123,0.24953845,1.178359,0,3,8,22,183,93,Male
6585914267000.0,4.0797195,-2.0398598,-2.2505496,1.3848315,0.68111473,1.1563679,0,3,8,22,183,93,Male
6585924108000.0,3.9073372,-1.7525556,-1.5227122,1.4358387,0.80481493,1.1508701,0,3,8,22,183,93,Male
6585934698000.0,3.4093432,-1.5610195,-0.6799533,1.2596041,0.8063421,1.1004738,0,3,8,22,183,93,Male
6585947403000.0,0.9959879,-0.47884035,0.47884035,0.9456194,0.6209445,0.9966267,0,3,8,22,183,93,Male
6585958939000.0,-1.3982137,0.4405331,0.38307226,0.45020768,0.6041457,0.49663344,0,3,8,22,183,93,Male
6585969325000.0,-4.012682,2.9879637,-0.9768343,0.014660766,1.3451253,-0.039095376,0,3,8,22,183,93,Male
6585982695000.0,-4.5298295,4.232949,-1.4077905,-0.109650314,2.0378466,-0.44409904,0,3,8,22,183,93,Male
6585993328000.0,-3.8786068,4.663905,-1.3311762,-0.0012217305,2.2333233,-0.72601336,0,3,8,22,183,93,Male
6586004993000.0,-2.327164,4.9703627,0.08619126,0.15363261,2.6151142,-1.2113458,0,3,8,22,183,93,Male
6586015077000.0,0.46926352,6.531382,1.13964,0.32559118,2.69697,-1.6771306,0,3,8,22,183,93,Male
6586024369000.0,1.3982137,6.7612257,0.62249243,0.65087694,1.749518,-1.9443841,0,3,8,22,183,93,Male
6586035119000.0,1.8291701,8.1402855,0.39264908,0.5296202,1.0848967,-2.169488,0,3,8,22,183,93,Male
6586044735000.0,2.3750482,9.519346,-0.82360536,0.7150178,1.6985108,-2.317928,0,3,8,22,183,93,Male
6586056847000.0,3.6583402,12.287044,-1.6472107,0.29138273,2.021964,-1.7880026,0,3,8,22,183,93,Male
6586067714000.0,5.171476,15.916653,-2.585738,-0.29229903,1.9489655,-0.52748215,0,3,8,22,183,93,Male
6586078938000.0,6.081272,17.458519,-1.9057846,-0.5861252,1.629483,1.3710871,0,3,8,22,183,93,Male
6586092392000.0,5.8322754,18.377892,0.02873042,-0.14569137,0.35124752,2.801428,0,3,8,22,183,93,Male
6586104000000.0,4.855441,19.239805,1.3215994,1.2654073,-2.2397375,4.679533,0,3,8,22,183,93,Male
6586117460000.0,3.4476504,19.393034,1.8674773,1.1340714,-3.101363,4.635856,0,3,8,22,183,93,Male
6586130154000.0,1.982399,19.469648,1.6280571,-0.05589417,-4.820338,2.9272664,0,3,8,22,183,93,Male
6586142652000.0,-2.078167,16.4338,-8.542512,-0.014049901,-2.97583,1.3243558,0,3,8,22,183,93,Male
6586154975000.0,-2.633622,15.581465,-7.7093296,1.9089539,-0.15363261,0.6658431,0,3,8,22,183,93,Male
6586167169000.0,-3.0071173,15.380352,-5.3821654,2.9437597,0.589485,1.073901,0,3,8,22,183,93,Male
6586179010000.0,-3.7924154,15.370775,-3.4284968,3.5234706,0.24465153,1.7489072,0,3,8,22,183,93,Male
6586192389000.0,-3.074155,15.2367,-2.8060043,3.5628715,-0.20311269,1.6801848,0,3,8,22,183,93,Male
6586204020000.0,-2.0111294,15.466543,-2.6431987,3.7433822,0.31123585,0.8555168,0,3,8,22,183,93,Male
6586214997000.0,-0.92895025,16.414646,0.61291564,4.134336,1.2385293,0.63163465,0,3,8,22,183,93,Male
6586226070000.0,-0.48841715,16.864758,8.66701,3.6960402,2.5274549,0.9779953,0,3,8,22,183,93,Male
6586236612000.0,0.8714894,16.213533,11.453861,2.0888536,1.6649132,1.1838568,0,3,8,22,183,93,Male
6586247690000.0,0.47884035,14.135366,9.835381,1.210735,0.50335294,1.4318681,0,3,8,22,183,93,Male
6586259442000.0,-0.39264908,12.220005,6.1770406,0.9795224,0.3155119,1.3087788,0,3,8,22,183,93,Male
6586269294000.0,-0.82360536,10.304645,3.4476504,0.86529064,1.1533136,1.3487904,0,3,8,22,183,93,Male
6586282359000.0,-2.3175871,8.571242,2.5378537,0.7791586,1.416902,1.4633276,0,3,8,22,183,93,Male
6586293230000.0,-4.6351743,7.680599,3.667917,0.7800749,0.80756384,1.4608842,0,3,8,22,183,93,Male
6586305096000.0,-5.947197,6.646304,3.8786068,0.35430184,0.23701571,0.7812967,0,3,8,22,183,93,Male
6586316637000.0,-6.445191,5.171476,3.6966474,0.27855456,-0.021685716,0.6759224,0,3,8,22,183,93,Male
6586327321000.0,-6.751649,3.8019924,2.72939,0.31856623,0.023823744,0.4034765,0,3,8,22,183,93,Male
6586337930000.0,-5.7269306,2.882619,1.5227122,0.1337795,0.33169982,0.08246681,0,3,8,22,183,93,Male
6586347699000.0,-4.2904096,2.0398598,0.8810662,-0.16707164,0.4196644,-0.2764165,0,3,8,22,183,93,Male
6586357858000.0,-2.767697,1.436521,0.9959879,-0.48563787,0.13041973,-0.5305365,0,3,8,22,183,93,Male
6586368237000.0,-1.9249382,0.2681506,1.5610195,-0.8390234,-0.22968534,-0.64996064,0,3,8,22,183,93,Male
6586379051000.0,-1.5705963,-1.292869,1.541866,-1.3582588,0.0067195175,-0.8127562,0,3,8,22,183,93,Male
6586392372000.0,-1.1779473,-2.480393,1.1109096,-1.7962493,0.41447207,-0.9419542,0,3,8,22,183,93,Male
6586404090000.0,-0.6895301,-1.436521,0.25857377,-2.6138923,0.30757064,-1.3707817,0,3,8,22,183,93,Male
6586417599000.0,-0.05746084,-0.2777274,-0.2777274,-2.8716774,0.11453723,-1.6053538,0,3,8,22,183,93,Male
6586429072000.0,0.11492168,10.371682,-0.34476504,-2.6826148,-0.14294247,-1.9575176,0,3,8,22,183,93,Male
6586442791000.0,-0.12449849,14.958972,-1.283292,-1.6636915,0.15271631,-2.5607471,0,3,8,22,183,93,Male
6586457928000.0,2.930503,18.397045,-0.6703765,-2.1316142,-0.026267206,-2.8099802,0,3,8,22,183,93,Male
6586468116000.0,5.410896,17.822437,-4.1180267,-2.0442605,0.50518554,-3.0225613,0,3,8,22,183,93,Male
6586479042000.0,7.029376,15.629349,-2.681506,-1.1881329,2.6682594,-3.9266417,0,3,8,22,183,93,Male
6586491663000.0,10.716447,17.583017,0.35434186,-1.1279627,2.3475552,-3.1135802,0,3,8,22,183,93,Male
6586501088000.0,10.25676,18.55985,3.8402996,-1.5690074,1.3054191,-1.7843374,0,3,8,22,183,93,Male
6586511582000.0,-1.1779473,19.04827,7.651869,-2.232407,0.27305678,-2.3774874,0,3,8,22,183,93,Male
6586522073000.0,-8.015787,19.297266,6.694188,-2.574186,-1.17897,-3.4523048,0,3,8,22,183,93,Male
6586531996000.0,-8.073248,19.421764,2.3942018,-2.5008824,-0.42149702,-2.784629,0,3,8,22,183,93,Male
6586542841000.0,-5.765238,18.89504,-0.5363012,-1.8530598,0.5207626,-2.0882428,0,3,8,22,183,93,Male
6586555416000.0,-3.1603463,16.960526,-0.9864111,-0.90316427,0.49754974,-1.3536774,0,3,8,22,183,93,Male
6586567403000.0,-0.36391866,13.838486,1.0247183,-0.7440339,-0.27916542,-1.2678508,0,3,8,22,183,93,Male
6586580483000.0,0.35434186,13.666103,1.292869,-0.6078109,-1.8371773,-0.93279123,0,3,8,22,183,93,Male
6586593087000.0,1.5801731,14.020445,0.5363012,-0.28069258,-2.7708848,-0.52748215,0,3,8,22,183,93,Male
6586605994000.0,4.0222588,12.957419,-2.2984335,-0.08674286,-3.0912836,0.08399397,0,3,8,22,183,93,Male
6586617740000.0,4.3287168,11.166556,-3.122039,-0.1554652,-2.6578746,0.33200526,0,3,8,22,183,93,Male
6586631131000.0,4.10845,8.379706,-2.7581203,-0.5369505,-1.7201965,0.79320854,0,3,8,22,183,93,Male
6586642814000.0,3.667917,5.48751,-1.8195933,-0.82527894,-1.756543,1.146594,0,3,8,22,183,93,Male
6586658842000.0,2.1260512,0.5363012,-1.8674773,-0.7635816,-1.6859881,1.5836681,0,3,8,22,183,93,Male
6586668749000.0,1.7046716,-1.292869,-2.528277,-0.24556783,-1.387275,1.638646,0,3,8,22,183,93,Male
6586690473000.0,1.7525556,-2.825158,-3.514688,1.108415,0.17501289,1.8005253,0,3,8,22,183,93,Male
6586702104000.0,1.7238252,-2.8634653,-3.4093432,1.427592,0.4605924,1.7858646,0,3,8,22,183,93,Male
6586711793000.0,1.6376339,-2.9017725,-3.1316159,1.4230106,0.72173727,1.6151277,0,3,8,22,183,93,Male
6586721575000.0,1.1683705,-2.7389667,-2.3080103,1.2745703,0.75655663,1.237613,0,3,8,22,183,93,Male
6586732912000.0,0.45968673,-2.4420857,1.5993267,1.1343768,0.31856623,0.86926126,0,3,8,22,183,93,Male
6586742319000.0,-1.7812861,-3.169923,2.4612393,0.7696902,0.38881573,0.3182608,0,3,8,22,183,93,Male
6586752264000.0,-7.5082164,0.90021986,1.4556746,-0.17745635,1.2311989,-0.42852196,0,3,8,22,183,93,Male
6586762941000.0,-6.694188,2.384625,-0.06703765,-0.4456262,2.3701572,-0.89736104,0,3,8,22,183,93,Male
6586772652000.0,-5.171476,2.96881,-0.1436521,0.2507602,2.4278839,-1.1615603,0,3,8,22,183,93,Male
6586782808000.0,-3.667917,3.9073372,0.6512229,0.77396625,1.8820758,-1.4761559,0,3,8,22,183,93,Male
6586792976000.0,-0.076614454,8.456321,8.724471,1.0910053,2.3512204,-1.8976529,0,3,8,22,183,93,Male
6586804149000.0,4.4723687,10.113108,7.5561004,1.4144585,1.491122,-2.4071145,0,3,8,22,183,93,Male
6586817374000.0,4.0414124,9.308656,5.21936,-0.1563815,1.7434094,-1.9233092,0,3,8,22,183,93,Male
6586829098000.0,3.4859576,8.350976,2.2218192,-1.0253373,0.8164214,-1.8277088,0,3,8,22,183,93,Male
6586842393000.0,6.646304,15.342045,-10.812215,-1.0088439,1.2724323,-1.4107933,0,3,8,22,183,93,Male
6586854107000.0,6.2728086,17.439365,-11.645397,0.54519725,2.9367347,0.95386606,0,3,8,22,183,93,Male
6586864853000.0,7.144298,18.425776,-6.9240313,1.7150042,2.118786,2.1609359,0,3,8,22,183,93,Male
6586874823000.0,5.602432,15.370775,-3.0933087,1.5360206,0.64568454,2.6691756,0,3,8,22,183,93,Male
6586886033000.0,3.122039,17.180792,4.156334,1.4993688,-3.3307428,3.709479,0,3,8,22,183,93,Male
6586897610000.0,0.91937345,18.358738,4.855441,1.8393153,-4.5210137,4.476115,0,3,8,22,183,93,Male
6586908331000.0,-0.4405331,18.952501,4.3287168,1.7647897,-3.937332,3.5995235,0,3,8,22,183,93,Male
6586918361000.0,-1.5801731,19.249382,2.2218192,0.0983493,-3.4901786,1.8979583,0,3,8,22,183,93,Male
6586928509000.0,-2.2409728,19.393034,-0.20111294,-0.88514376,-2.3011293,1.4162911,0,3,8,22,183,93,Male
6586938924000.0,-3.6008794,16.4338,-6.751649,0.86284715,0.73731434,1.3185526,0,3,8,22,183,93,Male
6586949206000.0,-3.7732618,11.779472,-5.0182467,2.0522017,0.5348125,0.89827734,0,3,8,22,183,93,Male
6586960795000.0,-2.566584,11.971008,-5.0374002,2.695443,-0.08552113,0.7021896,0,3,8,22,183,93,Male
6586971355000.0,-1.0247183,12.373235,-4.3478703,3.3542612,-0.47555858,0.6462954,0,3,8,22,183,93,Male
6586983546000.0,0.7278373,12.124237,-1.8195933,3.8692205,-0.8268061,0.42363504,0,3,8,22,183,93,Male
6586994767000.0,3.1124623,12.488156,1.7046716,3.6801577,-0.36010507,0.3475823,0,3,8,22,183,93,Male
6587005668000.0,4.644751,14.355634,5.659893,2.7516425,1.5259414,1.0467176,0,3,8,22,183,93,Male
6587016958000.0,2.3080103,13.129802,8.485051,1.4404203,1.3732251,1.3640621,0,3,8,22,183,93,Male
6587027340000.0,1.1013328,12.038046,7.326257,1.1239921,0.43554693,1.6114625,0,3,8,22,183,93,Male
6587038367000.0,-1.2449849,9.998186,3.7062242,0.97097033,-0.064751714,1.679574,0,3,8,22,183,93,Male
6587048264000.0,-1.8483237,9.32781,2.7102363,0.91751957,0.45906523,1.4950926,0,3,8,22,183,93,Male
6587058978000.0,-2.3654714,8.350976,3.2752678,1.0253373,1.142318,1.323745,0,3,8,22,183,93,Male
6587069247000.0,-2.9496565,6.9240313,3.2848446,0.77946407,1.5378532,1.0311406,0,3,8,22,183,93,Male
6587081125000.0,-3.265691,5.2480903,3.0262709,0.56596667,1.713477,0.9483683,0,3,8,22,183,93,Male
6587092990000.0,-3.4380736,4.280833,3.2369606,0.48380527,1.5632042,0.8707884,0,3,8,22,183,93,Male
6587104202000.0,-3.821146,4.2999864,3.3806129,0.2657264,0.77763146,0.48991394,0,3,8,22,183,93,Male
6587117833000.0,-4.223372,4.1371803,2.480393,0.21930063,0.4615087,0.35033122,0,3,8,22,183,93,Male
6587129235000.0,-3.6008794,3.0550013,1.7717092,0.11484267,0.52839845,0.19517145,0,3,8,22,183,93,Male
6587142527000.0,-2.719813,1.9919758,1.3503298,-0.29840767,0.50793445,0.054061573,0,3,8,22,183,93,Male
6587154429000.0,-2.336741,1.1683705,0.8331822,-1.0900891,0.101098195,-0.21991149,0,3,8,22,183,93,Male
6587168517000.0,-2.4133554,0.25857377,-0.545878,-1.643533,-0.1863139,-0.52595496,0,3,8,22,183,93,Male
6587179423000.0,-2.8443117,0.15322891,0.8714894,-2.0735822,-0.61727935,-0.9755518,0,3,8,22,183,93,Male
6587192382000.0,-5.1235914,1.5131354,3.2082303,-2.339614,-0.4868596,-1.3133603,0,3,8,22,183,93,Male
6587202796000.0,-3.8498764,10.524911,2.1164744,-2.4440718,0.24984388,-2.123673,0,3,8,22,183,93,Male
6587214836000.0,-0.9672575,15.035586,-1.8195933,-2.1691825,-0.015577064,-2.375655,0,3,8,22,183,93,Male
6587224815000.0,5.8322754,18.416199,-1.6376339,-1.9352211,0.8555168,-1.8976529,0,3,8,22,183,93,Male
6587237370000.0,8.599973,18.26297,-1.4556746,-1.5916094,1.8289305,-2.2180517,0,3,8,22,183,93,Male
6587247896000.0,8.781932,14.288596,-1.4556746,-1.4318681,2.5332582,-2.871983,0,3,8,22,183,93,Male
6587258382000.0,8.791509,14.949395,0.02873042,-1.0671816,2.8979447,-3.5262196,0,3,8,22,183,93,Male
6587268885000.0,9.078813,17.24783,1.6472107,-1.6569719,2.122146,-3.0521882,0,3,8,22,183,93,Male
6587280183000.0,5.717354,18.397045,1.3790601,-1.6151277,1.3118331,-2.5647178,0,3,8,22,183,93,Male
6587289690000.0,-5.650316,18.971655,2.9496565,-1.1133019,0.17715092,-3.2501085,0,3,8,22,183,93,Male
6587299723000.0,-8.456321,19.258959,4.0222588,-1.5082263,-0.12705997,-2.538145,0,3,8,22,183,93,Male
6587310385000.0,-7.795521,19.038692,2.2601264,-1.9767599,-0.18936823,-1.8646661,0,3,8,22,183,93,Male
6587320271000.0,-5.803545,17.889475,-0.4405331,-1.863139,0.099265605,-1.2950343,0,3,8,22,183,93,Male
6587331539000.0,-3.9264908,16.117765,-1.2354081,-1.4776831,-0.027488936,-0.9611965,0,3,8,22,183,93,Male
6587340956000.0,-2.0015526,13.761871,-0.94810385,-1.2705997,-0.6243043,-0.95569867,0,3,8,22,183,93,Male
6587351704000.0,-0.39264908,12.277467,-0.34476504,-1.1068878,-1.4117095,-0.8900307,0,3,8,22,183,93,Male
6587383096000.0,4.3861775,10.132261,-0.45010993,-0.8533788,-2.7262917,-0.24190263,0,3,8,22,183,93,Male
6587393294000.0,4.2999864,8.121132,-0.7182605,-0.77854776,-2.8008173,-0.03176499,0,3,8,22,183,93,Male
6587404109000.0,3.9552212,5.9567738,-0.79487497,-0.51007247,-2.7953193,0.4886922,0,3,8,22,183,93,Male
6587415187000.0,3.016694,3.8115692,-0.91937345,-0.3399465,-2.8072312,0.94806284,0,3,8,22,183,93,Male
6587425504000.0,1.8674773,1.9632454,-1.8100165,-0.18997909,-2.8008173,1.3845261,0,3,8,22,183,93,Male
6587436004000.0,0.49799395,0.545878,-2.7964275,0.08368854,-2.5130997,1.641395,0,3,8,22,183,93,Male
6587447718000.0,-0.24899697,-0.37349546,-3.7349546,0.40103304,-1.8185458,1.7192802,0,3,8,22,183,93,Male
6587458315000.0,-0.6703765,-0.545878,-4.1371803,0.68477994,-1.1123856,1.720502,0,3,8,22,183,93,Male
6587468610000.0,-0.6607997,-0.50757074,-4.367024,0.8518516,-0.49205196,1.7211128,0,3,8,22,183,93,Male
6587480399000.0,-0.47884035,-0.40222588,-4.4340615,0.8539896,0.16584991,1.5418239,0,3,8,22,183,93,Male
6587489843000.0,-0.38307226,-0.45010993,-4.3957543,0.7495316,0.5665775,1.3381003,0,3,8,22,183,93,Male
6587502320000.0,-0.63206923,-1.388637,-3.083732,0.5830709,0.8558222,0.95417154,0,3,8,22,183,93,Male
6587513561000.0,-0.842759,-2.336741,-1.5801731,0.59131753,0.8713993,0.52198434,0,3,8,22,183,93,Male
6587523796000.0,-3.86903,-4.31914,1.3024458,0.8472701,2.6600127,-0.41508293,0,3,8,22,183,93,Male
6587534192000.0,-5.0278234,-3.2944214,6.1387334,0.3304781,2.9526172,-1.3646729,0,3,8,22,183,93,Male
6587544493000.0,-3.3614593,0.94810385,12.842498,0.09987647,1.1542299,-2.1902573,0,3,8,22,183,93,Male
6587557652000.0,1.8100165,5.746084,10.46745,-0.58459806,-0.27366763,-2.8463266,0,3,8,22,183,93,Male
6587568133000.0,3.2082303,6.7133417,2.2984335,-1.4679092,0.052534413,-2.885422,0,3,8,22,183,93,Male
6587579231000.0,3.064578,7.642292,-0.81402856,-1.632232,0.28680122,-2.2574525,0,3,8,22,183,93,Male
6587589915000.0,3.3518825,8.63828,-5.0278234,-1.2550226,0.8753699,-1.8719965,0,3,8,22,183,93,Male
6587602653000.0,4.31914,14.001291,-8.848969,-1.0118983,1.6010778,-1.0064005,0,3,8,22,183,93,Male
6587614746000.0,6.4260373,16.76899,-11.415554,-0.081855945,2.6929994,1.9926424,0,3,8,22,183,93,Male
6587624491000.0,6.5505357,18.157625,-10.352529,1.5653422,1.5968018,3.2461379,0,3,8,22,183,93,Male
6587635160000.0,5.2385135,18.847157,-5.267244,2.3356433,0.24862215,3.2241468,0,3,8,22,183,93,Male
6587645759000.0,3.8402996,19.191921,1.6376339,1.5619824,-2.963002,2.6300802,0,3,8,22,183,93,Male
6587657373000.0,2.7868507,19.364304,4.6160207,0.8417723,-6.1208696,1.9602666,0,3,8,22,183,93,Male
6587668308000.0,0.60333884,18.243816,-0.4405331,1.2110404,-7.5615954,1.5992452,0,3,8,22,183,93,Male
6587680236000.0,0.5267244,15.399506,-3.3135753,3.0775392,-3.9779544,1.7079792,0,3,8,22,183,93,Male
6587691091000.0,-0.9864111,12.4785795,-4.3861775,3.6801577,-0.4615087,1.4517213,0,3,8,22,183,93,Male
6587700869000.0,-1.6089035,11.118672,-3.0262709,3.3829718,1.2012665,0.88300574,0,3,8,22,183,93,Male
6587711017000.0,-1.9249382,11.070788,-2.6144683,2.6966646,1.6468927,0.39614612,0,3,8,22,183,93,Male
6587721105000.0,-0.6703765,11.750742,-2.9400797,2.3313673,2.0589213,0.41325033,0,3,8,22,183,93,Male
6587732143000.0,0.7661445,11.473015,-1.8770541,2.3350325,1.9795089,0.5647449,0,3,8,22,183,93,Male
6587742822000.0,1.8962077,11.87524,-0.48841715,2.5014932,1.2562444,0.4999932,0,3,8,22,183,93,Male
6587752350000.0,2.5953147,13.196839,-0.47884035,2.866485,0.54244834,0.6291912,0,3,8,22,183,93,Male
6587763781000.0,1.388637,14.54717,2.72939,3.3667839,1.5855007,1.1976013,0,3,8,22,183,93,Male
6587773325000.0,-1.6950948,14.221559,8.676587,2.7531698,1.6945401,1.1340714,0,3,8,22,183,93,Male
6587785280000.0,-1.388637,13.005303,8.686164,0.9266826,0.8436049,1.3573426,0,3,8,22,183,93,Male
6587794807000.0,-0.8810662,11.36767,7.0006456,0.5494733,0.35521814,1.5485435,0,3,8,22,183,93,Male
6587806281000.0,-2.336741,8.925584,2.8538885,0.5213735,0.7507534,1.41904,0,3,8,22,183,93,Male
6587816169000.0,-3.5625722,7.747637,2.7868507,0.784351,1.502423,1.3206906,0,3,8,22,183,93,Male
6587826599000.0,-4.4340615,6.081272,2.480393,0.65270954,1.8090774,1.14018,0,3,8,22,183,93,Male
6587836821000.0,-4.9320555,5.583278,2.5761611,0.4260785,2.2837198,0.926988,0,3,8,22,183,93,Male
6587847249000.0,-5.267244,5.659893,2.920926,0.4343252,2.2314909,0.8359691,0,3,8,22,183,93,Male
6587856802000.0,-4.8458643,6.2345014,3.3327289,0.23915374,1.7763962,0.5109888,0,3,8,22,183,93,Male
6587867787000.0,-4.280833,5.746084,3.1028855,0.06719518,1.1148291,0.44684792,0,3,8,22,183,93,Male
6587877442000.0,-3.4859576,4.7500963,2.5761611,0.081855945,0.6722572,0.3817908,0,3,8,22,183,93,Male
6587888911000.0,-2.9400797,3.4572272,2.27928,-0.14446963,0.2556471,0.2180789,0,3,8,22,183,93,Male
6587898448000.0,-2.7102363,2.135628,2.5378537,-0.34391713,0.07513642,0.06047566,0,3,8,22,183,93,Male
6587908744000.0,-2.6431987,0.7661445,2.2697031,-1.1468995,-0.25259277,-0.26450464,0,3,8,22,183,93,Male
6587919334000.0,-2.930503,-0.5363012,0.6991069,-1.5445728,-0.18509217,-0.49602258,0,3,8,22,183,93,Male
